# A new generation of Standard Solar Models
# arxiv:1611.09867 
#
# Sound speed and density of the GS98 model (units = cgs)
#
# Mass     Radius  Csound     Rho 
0.0000001  0.00050 5.0551e+07 1.5080e+02
0.0000002  0.00100 5.0551e+07 1.5079e+02
0.0000004  0.00150 5.0551e+07 1.5078e+02
0.0000009  0.00200 5.0551e+07 1.5076e+02
0.0000017  0.00250 5.0551e+07 1.5073e+02
0.0000029  0.00300 5.0552e+07 1.5070e+02
0.0000046  0.00350 5.0553e+07 1.5067e+02
0.0000068  0.00400 5.0553e+07 1.5062e+02
0.0000097  0.00450 5.0554e+07 1.5058e+02
0.0000134  0.00500 5.0555e+07 1.5052e+02
0.0000178  0.00550 5.0557e+07 1.5046e+02
0.0000231  0.00600 5.0558e+07 1.5040e+02
0.0000293  0.00650 5.0559e+07 1.5033e+02
0.0000366  0.00700 5.0561e+07 1.5025e+02
0.0000451  0.00750 5.0563e+07 1.5017e+02
0.0000547  0.00800 5.0565e+07 1.5008e+02
0.0000655  0.00850 5.0566e+07 1.4998e+02
0.0000778  0.00900 5.0569e+07 1.4989e+02
0.0000914  0.00950 5.0571e+07 1.4978e+02
0.0001066  0.01000 5.0573e+07 1.4967e+02
0.0001233  0.01050 5.0575e+07 1.4956e+02
0.0001417  0.01100 5.0578e+07 1.4943e+02
0.0001619  0.01150 5.0580e+07 1.4931e+02
0.0001838  0.01200 5.0583e+07 1.4918e+02
0.0002076  0.01250 5.0586e+07 1.4904e+02
0.0002334  0.01300 5.0589e+07 1.4890e+02
0.0002613  0.01350 5.0592e+07 1.4875e+02
0.0002912  0.01400 5.0595e+07 1.4860e+02
0.0003233  0.01450 5.0598e+07 1.4844e+02
0.0003577  0.01500 5.0601e+07 1.4827e+02
0.0003944  0.01550 5.0605e+07 1.4811e+02
0.0004335  0.01600 5.0608e+07 1.4793e+02
0.0004751  0.01650 5.0612e+07 1.4775e+02
0.0005192  0.01700 5.0616e+07 1.4757e+02
0.0005660  0.01750 5.0619e+07 1.4738e+02
0.0006153  0.01800 5.0623e+07 1.4719e+02
0.0006675  0.01850 5.0627e+07 1.4699e+02
0.0007225  0.01900 5.0631e+07 1.4679e+02
0.0007804  0.01950 5.0635e+07 1.4658e+02
0.0008413  0.02000 5.0639e+07 1.4637e+02
0.0009051  0.02050 5.0644e+07 1.4615e+02
0.0009721  0.02100 5.0648e+07 1.4593e+02
0.0010422  0.02150 5.0653e+07 1.4570e+02
0.0011155  0.02200 5.0657e+07 1.4547e+02
0.0011922  0.02250 5.0662e+07 1.4523e+02
0.0012723  0.02300 5.0666e+07 1.4499e+02
0.0013556  0.02350 5.0671e+07 1.4475e+02
0.0014425  0.02400 5.0676e+07 1.4450e+02
0.0015329  0.02450 5.0681e+07 1.4425e+02
0.0016269  0.02500 5.0685e+07 1.4399e+02
0.0017246  0.02550 5.0690e+07 1.4373e+02
0.0018259  0.02600 5.0695e+07 1.4346e+02
0.0019312  0.02650 5.0700e+07 1.4319e+02
0.0020402  0.02700 5.0706e+07 1.4292e+02
0.0021531  0.02750 5.0711e+07 1.4264e+02
0.0022699  0.02800 5.0716e+07 1.4236e+02
0.0023908  0.02850 5.0721e+07 1.4207e+02
0.0025158  0.02900 5.0726e+07 1.4178e+02
0.0026448  0.02950 5.0732e+07 1.4149e+02
0.0027783  0.03000 5.0737e+07 1.4119e+02
0.0029154  0.03050 5.0742e+07 1.4089e+02
0.0030571  0.03100 5.0748e+07 1.4059e+02
0.0032032  0.03150 5.0753e+07 1.4028e+02
0.0033536  0.03200 5.0759e+07 1.3997e+02
0.0035084  0.03250 5.0764e+07 1.3965e+02
0.0036677  0.03300 5.0770e+07 1.3933e+02
0.0038316  0.03350 5.0775e+07 1.3901e+02
0.0040001  0.03400 5.0781e+07 1.3869e+02
0.0041731  0.03450 5.0786e+07 1.3836e+02
0.0043511  0.03500 5.0792e+07 1.3803e+02
0.0045337  0.03550 5.0798e+07 1.3770e+02
0.0047205  0.03600 5.0803e+07 1.3736e+02
0.0049124  0.03650 5.0809e+07 1.3702e+02
0.0051097  0.03700 5.0814e+07 1.3668e+02
0.0053111  0.03750 5.0820e+07 1.3633e+02
0.0055181  0.03800 5.0826e+07 1.3599e+02
0.0057293  0.03850 5.0831e+07 1.3564e+02
0.0059463  0.03900 5.0837e+07 1.3528e+02
0.0061674  0.03950 5.0842e+07 1.3493e+02
0.0063943  0.04000 5.0848e+07 1.3457e+02
0.0066264  0.04050 5.0853e+07 1.3421e+02
0.0068631  0.04100 5.0859e+07 1.3384e+02
0.0071054  0.04150 5.0864e+07 1.3348e+02
0.0073539  0.04200 5.0870e+07 1.3311e+02
0.0076053  0.04250 5.0875e+07 1.3274e+02
0.0078636  0.04300 5.0880e+07 1.3237e+02
0.0081268  0.04350 5.0886e+07 1.3200e+02
0.0083958  0.04400 5.0891e+07 1.3162e+02
0.0086705  0.04450 5.0896e+07 1.3124e+02
0.0089487  0.04500 5.0902e+07 1.3086e+02
0.0092341  0.04550 5.0907e+07 1.3048e+02
0.0095241  0.04600 5.0913e+07 1.3009e+02
0.0098218  0.04650 5.0918e+07 1.2970e+02
0.0101222  0.04700 5.0923e+07 1.2932e+02
0.0104292  0.04750 5.0929e+07 1.2893e+02
0.0107431  0.04800 5.0934e+07 1.2853e+02
0.0110595  0.04850 5.0939e+07 1.2814e+02
0.0113849  0.04900 5.0944e+07 1.2775e+02
0.0117129  0.04950 5.0949e+07 1.2735e+02
0.0120486  0.05000 5.0954e+07 1.2695e+02
0.0123891  0.05050 5.0958e+07 1.2655e+02
0.0127361  0.05100 5.0963e+07 1.2615e+02
0.0130873  0.05150 5.0968e+07 1.2575e+02
0.0134454  0.05200 5.0972e+07 1.2535e+02
0.0138112  0.05250 5.0977e+07 1.2495e+02
0.0141795  0.05300 5.0981e+07 1.2454e+02
0.0145570  0.05350 5.0986e+07 1.2413e+02
0.0149359  0.05400 5.0990e+07 1.2373e+02
0.0153238  0.05450 5.0994e+07 1.2332e+02
0.0157177  0.05500 5.0998e+07 1.2291e+02
0.0161156  0.05550 5.1002e+07 1.2250e+02
0.0165196  0.05600 5.1006e+07 1.2209e+02
0.0169307  0.05650 5.1010e+07 1.2168e+02
0.0173483  0.05700 5.1014e+07 1.2127e+02
0.0177691  0.05750 5.1017e+07 1.2086e+02
0.0181985  0.05800 5.1021e+07 1.2044e+02
0.0186333  0.05850 5.1024e+07 1.2003e+02
0.0190738  0.05900 5.1027e+07 1.1962e+02
0.0195201  0.05950 5.1030e+07 1.1920e+02
0.0199730  0.06000 5.1033e+07 1.1879e+02
0.0204298  0.06050 5.1036e+07 1.1837e+02
0.0208947  0.06100 5.1039e+07 1.1796e+02
0.0213652  0.06150 5.1042e+07 1.1754e+02
0.0218431  0.06200 5.1044e+07 1.1713e+02
0.0223234  0.06250 5.1047e+07 1.1671e+02
0.0228133  0.06300 5.1049e+07 1.1629e+02
0.0233078  0.06350 5.1051e+07 1.1588e+02
0.0238072  0.06400 5.1053e+07 1.1546e+02
0.0243140  0.06450 5.1055e+07 1.1504e+02
0.0248269  0.06500 5.1057e+07 1.1462e+02
0.0253457  0.06550 5.1058e+07 1.1421e+02
0.0258722  0.06600 5.1060e+07 1.1379e+02
0.0264012  0.06650 5.1061e+07 1.1337e+02
0.0269381  0.06700 5.1062e+07 1.1296e+02
0.0274828  0.06750 5.1063e+07 1.1254e+02
0.0280299  0.06800 5.1064e+07 1.1212e+02
0.0285862  0.06850 5.1065e+07 1.1170e+02
0.0291473  0.06900 5.1065e+07 1.1129e+02
0.0297140  0.06950 5.1066e+07 1.1087e+02
0.0302873  0.07000 5.1066e+07 1.1046e+02
0.0308684  0.07050 5.1066e+07 1.1004e+02
0.0314526  0.07100 5.1066e+07 1.0962e+02
0.0320442  0.07150 5.1066e+07 1.0921e+02
0.0326417  0.07200 5.1065e+07 1.0879e+02
0.0332446  0.07250 5.1065e+07 1.0838e+02
0.0338546  0.07300 5.1064e+07 1.0797e+02
0.0344720  0.07350 5.1063e+07 1.0755e+02
0.0350924  0.07400 5.1062e+07 1.0714e+02
0.0357198  0.07450 5.1061e+07 1.0673e+02
0.0363545  0.07500 5.1059e+07 1.0632e+02
0.0369942  0.07550 5.1058e+07 1.0590e+02
0.0376401  0.07600 5.1056e+07 1.0549e+02
0.0382918  0.07650 5.1054e+07 1.0508e+02
0.0389495  0.07700 5.1052e+07 1.0467e+02
0.0396128  0.07750 5.1049e+07 1.0426e+02
0.0402832  0.07800 5.1047e+07 1.0386e+02
0.0409597  0.07850 5.1044e+07 1.0345e+02
0.0416400  0.07900 5.1041e+07 1.0304e+02
0.0423286  0.07950 5.1038e+07 1.0263e+02
0.0430236  0.08000 5.1035e+07 1.0223e+02
0.0437215  0.08050 5.1032e+07 1.0182e+02
0.0444291  0.08100 5.1028e+07 1.0142e+02
0.0451387  0.08150 5.1024e+07 1.0102e+02
0.0458560  0.08200 5.1020e+07 1.0061e+02
0.0465792  0.08250 5.1016e+07 1.0021e+02
0.0473094  0.08300 5.1011e+07 9.9811e+01
0.0480446  0.08350 5.1007e+07 9.9411e+01
0.0487863  0.08400 5.1002e+07 9.9012e+01
0.0495322  0.08450 5.0997e+07 9.8614e+01
0.0502854  0.08500 5.0992e+07 9.8217e+01
0.0510445  0.08550 5.0986e+07 9.7820e+01
0.0518073  0.08600 5.0981e+07 9.7424e+01
0.0525780  0.08650 5.0975e+07 9.7030e+01
0.0533556  0.08700 5.0969e+07 9.6636e+01
0.0541356  0.08750 5.0963e+07 9.6243e+01
0.0549243  0.08800 5.0956e+07 9.5852e+01
0.0557165  0.08850 5.0950e+07 9.5461e+01
0.0565174  0.08900 5.0943e+07 9.5072e+01
0.0573208  0.08950 5.0936e+07 9.4683e+01
0.0581307  0.09000 5.0929e+07 9.4295e+01
0.0589469  0.09050 5.0921e+07 9.3908e+01
0.0597693  0.09100 5.0913e+07 9.3523e+01
0.0605970  0.09150 5.0906e+07 9.3138e+01
0.0614306  0.09200 5.0897e+07 9.2755e+01
0.0622689  0.09250 5.0889e+07 9.2372e+01
0.0631140  0.09300 5.0881e+07 9.1991e+01
0.0639640  0.09350 5.0872e+07 9.1611e+01
0.0648191  0.09400 5.0863e+07 9.1231e+01
0.0656805  0.09450 5.0854e+07 9.0853e+01
0.0665470  0.09500 5.0845e+07 9.0476e+01
0.0674199  0.09550 5.0835e+07 9.0100e+01
0.0682973  0.09600 5.0826e+07 8.9726e+01
0.0691806  0.09650 5.0816e+07 8.9352e+01
0.0700697  0.09700 5.0806e+07 8.8979e+01
0.0709639  0.09750 5.0795e+07 8.8608e+01
0.0718633  0.09800 5.0785e+07 8.8238e+01
0.0727689  0.09850 5.0774e+07 8.7869e+01
0.0736789  0.09900 5.0763e+07 8.7501e+01
0.0745954  0.09950 5.0752e+07 8.7134e+01
0.0755170  0.10000 5.0740e+07 8.6768e+01
0.0764429  0.10050 5.0729e+07 8.6404e+01
0.0773752  0.10100 5.0717e+07 8.6040e+01
0.0783117  0.10150 5.0705e+07 8.5678e+01
0.0792553  0.10200 5.0693e+07 8.5317e+01
0.0802026  0.10250 5.0680e+07 8.4957e+01
0.0811566  0.10300 5.0668e+07 8.4599e+01
0.0821142  0.10350 5.0655e+07 8.4241e+01
0.0830779  0.10400 5.0642e+07 8.3885e+01
0.0840460  0.10450 5.0629e+07 8.3529e+01
0.0850220  0.10500 5.0615e+07 8.3176e+01
0.0859997  0.10550 5.0602e+07 8.2823e+01
0.0869843  0.10600 5.0588e+07 8.2471e+01
0.0879732  0.10650 5.0574e+07 8.2121e+01
0.0889676  0.10700 5.0560e+07 8.1772e+01
0.0899675  0.10750 5.0545e+07 8.1424e+01
0.0909716  0.10800 5.0531e+07 8.1077e+01
0.0919817  0.10850 5.0516e+07 8.0731e+01
0.0929955  0.10900 5.0501e+07 8.0387e+01
0.0940155  0.10950 5.0486e+07 8.0043e+01
0.0950409  0.11000 5.0470e+07 7.9702e+01
0.0960688  0.11050 5.0455e+07 7.9360e+01
0.0971033  0.11100 5.0439e+07 7.9021e+01
0.0981432  0.11150 5.0423e+07 7.8682e+01
0.0991869  0.11200 5.0407e+07 7.8345e+01
0.1002359  0.11250 5.0390e+07 7.8009e+01
0.1012896  0.11300 5.0374e+07 7.7674e+01
0.1023488  0.11350 5.0357e+07 7.7340e+01
0.1034120  0.11400 5.0340e+07 7.7008e+01
0.1044793  0.11450 5.0323e+07 7.6676e+01
0.1055529  0.11500 5.0305e+07 7.6346e+01
0.1066305  0.11550 5.0288e+07 7.6017e+01
0.1077121  0.11600 5.0270e+07 7.5689e+01
0.1087993  0.11650 5.0252e+07 7.5363e+01
0.1098905  0.11700 5.0234e+07 7.5037e+01
0.1109870  0.11750 5.0216e+07 7.4713e+01
0.1120875  0.11800 5.0197e+07 7.4390e+01
0.1131935  0.11850 5.0178e+07 7.4069e+01
0.1143032  0.11900 5.0160e+07 7.3748e+01
0.1154169  0.11950 5.0141e+07 7.3428e+01
0.1165364  0.12000 5.0121e+07 7.3110e+01
0.1176592  0.12050 5.0102e+07 7.2793e+01
0.1187879  0.12100 5.0082e+07 7.2477e+01
0.1199196  0.12150 5.0062e+07 7.2162e+01
0.1210561  0.12200 5.0042e+07 7.1848e+01
0.1221971  0.12250 5.0022e+07 7.1536e+01
0.1233419  0.12300 5.0002e+07 7.1224e+01
0.1244932  0.12350 4.9981e+07 7.0914e+01
0.1256457  0.12400 4.9961e+07 7.0605e+01
0.1268043  0.12450 4.9940e+07 7.0297e+01
0.1279664  0.12500 4.9919e+07 6.9990e+01
0.1291334  0.12550 4.9898e+07 6.9685e+01
0.1303037  0.12600 4.9876e+07 6.9380e+01
0.1314795  0.12650 4.9855e+07 6.9077e+01
0.1326585  0.12700 4.9833e+07 6.8775e+01
0.1338415  0.12750 4.9811e+07 6.8473e+01
0.1350291  0.12800 4.9789e+07 6.8173e+01
0.1362209  0.12850 4.9767e+07 6.7874e+01
0.1374160  0.12900 4.9744e+07 6.7576e+01
0.1386161  0.12950 4.9722e+07 6.7279e+01
0.1398195  0.13000 4.9699e+07 6.6984e+01
0.1410263  0.13050 4.9676e+07 6.6689e+01
0.1422379  0.13100 4.9653e+07 6.6396e+01
0.1434532  0.13150 4.9630e+07 6.6103e+01
0.1446720  0.13200 4.9607e+07 6.5812e+01
0.1458963  0.13250 4.9583e+07 6.5522e+01
0.1471224  0.13300 4.9560e+07 6.5233e+01
0.1483526  0.13350 4.9536e+07 6.4945e+01
0.1495874  0.13400 4.9512e+07 6.4658e+01
0.1508253  0.13450 4.9488e+07 6.4372e+01
0.1520673  0.13500 4.9463e+07 6.4087e+01
0.1533131  0.13550 4.9439e+07 6.3804e+01
0.1545636  0.13600 4.9414e+07 6.3522e+01
0.1558152  0.13650 4.9390e+07 6.3240e+01
0.1570727  0.13700 4.9365e+07 6.2960e+01
0.1583324  0.13750 4.9340e+07 6.2680e+01
0.1595964  0.13800 4.9315e+07 6.2402e+01
0.1608634  0.13850 4.9289e+07 6.2125e+01
0.1621338  0.13900 4.9264e+07 6.1849e+01
0.1634085  0.13950 4.9238e+07 6.1574e+01
0.1646864  0.14000 4.9213e+07 6.1300e+01
0.1659674  0.14050 4.9187e+07 6.1027e+01
0.1672515  0.14100 4.9161e+07 6.0755e+01
0.1685398  0.14150 4.9135e+07 6.0484e+01
0.1698306  0.14200 4.9109e+07 6.0214e+01
0.1711257  0.14250 4.9082e+07 5.9945e+01
0.1724238  0.14300 4.9056e+07 5.9678e+01
0.1737246  0.14350 4.9029e+07 5.9411e+01
0.1750299  0.14400 4.9002e+07 5.9145e+01
0.1763372  0.14450 4.8975e+07 5.8880e+01
0.1776478  0.14500 4.8948e+07 5.8616e+01
0.1789621  0.14550 4.8921e+07 5.8354e+01
0.1802792  0.14600 4.8894e+07 5.8092e+01
0.1815987  0.14650 4.8867e+07 5.7831e+01
0.1829228  0.14700 4.8839e+07 5.7571e+01
0.1842481  0.14750 4.8812e+07 5.7312e+01
0.1855782  0.14800 4.8784e+07 5.7055e+01
0.1869102  0.14850 4.8756e+07 5.6798e+01
0.1882451  0.14900 4.8728e+07 5.6542e+01
0.1895846  0.14950 4.8700e+07 5.6287e+01
0.1909244  0.15000 4.8672e+07 5.6033e+01
0.1922687  0.15050 4.8644e+07 5.5780e+01
0.1936153  0.15100 4.8615e+07 5.5528e+01
0.1949659  0.15150 4.8587e+07 5.5277e+01
0.1963173  0.15200 4.8558e+07 5.5026e+01
0.1976735  0.15250 4.8529e+07 5.4777e+01
0.1990306  0.15300 4.8500e+07 5.4529e+01
0.2003916  0.15350 4.8471e+07 5.4282e+01
0.2017552  0.15400 4.8442e+07 5.4035e+01
0.2031210  0.15450 4.8413e+07 5.3790e+01
0.2044894  0.15500 4.8384e+07 5.3545e+01
0.2058616  0.15550 4.8354e+07 5.3302e+01
0.2072341  0.15600 4.8325e+07 5.3059e+01
0.2086117  0.15650 4.8295e+07 5.2817e+01
0.2099892  0.15700 4.8266e+07 5.2576e+01
0.2113706  0.15750 4.8236e+07 5.2336e+01
0.2127545  0.15800 4.8206e+07 5.2097e+01
0.2141407  0.15850 4.8176e+07 5.1859e+01
0.2155292  0.15900 4.8146e+07 5.1621e+01
0.2169201  0.15950 4.8116e+07 5.1385e+01
0.2183132  0.16000 4.8085e+07 5.1149e+01
0.2197091  0.16050 4.8055e+07 5.0915e+01
0.2211068  0.16100 4.8025e+07 5.0681e+01
0.2225065  0.16150 4.7994e+07 5.0448e+01
0.2239092  0.16200 4.7963e+07 5.0216e+01
0.2253143  0.16250 4.7933e+07 4.9986e+01
0.2267211  0.16300 4.7902e+07 4.9755e+01
0.2281294  0.16350 4.7871e+07 4.9526e+01
0.2295409  0.16400 4.7840e+07 4.9298e+01
0.2309529  0.16450 4.7809e+07 4.9070e+01
0.2323683  0.16500 4.7778e+07 4.8843e+01
0.2337853  0.16550 4.7746e+07 4.8617e+01
0.2352039  0.16600 4.7715e+07 4.8392e+01
0.2366251  0.16650 4.7684e+07 4.8168e+01
0.2380482  0.16700 4.7652e+07 4.7945e+01
0.2394730  0.16750 4.7621e+07 4.7722e+01
0.2408996  0.16800 4.7589e+07 4.7501e+01
0.2423280  0.16850 4.7557e+07 4.7280e+01
0.2437589  0.16900 4.7526e+07 4.7060e+01
0.2451909  0.16950 4.7494e+07 4.6841e+01
0.2466248  0.17000 4.7462e+07 4.6623e+01
0.2480606  0.17050 4.7430e+07 4.6405e+01
0.2494980  0.17100 4.7398e+07 4.6189e+01
0.2509369  0.17150 4.7366e+07 4.5973e+01
0.2523776  0.17200 4.7333e+07 4.5758e+01
0.2538202  0.17250 4.7301e+07 4.5544e+01
0.2552641  0.17300 4.7269e+07 4.5331e+01
0.2567094  0.17350 4.7236e+07 4.5118e+01
0.2581566  0.17400 4.7204e+07 4.4907e+01
0.2596053  0.17450 4.7171e+07 4.4696e+01
0.2610553  0.17500 4.7138e+07 4.4486e+01
0.2625066  0.17550 4.7106e+07 4.4276e+01
0.2639601  0.17600 4.7073e+07 4.4068e+01
0.2654139  0.17650 4.7040e+07 4.3861e+01
0.2668701  0.17700 4.7007e+07 4.3654e+01
0.2683269  0.17750 4.6974e+07 4.3448e+01
0.2697854  0.17800 4.6941e+07 4.3243e+01
0.2712450  0.17850 4.6908e+07 4.3038e+01
0.2727059  0.17900 4.6875e+07 4.2835e+01
0.2741682  0.17950 4.6842e+07 4.2632e+01
0.2756312  0.18000 4.6809e+07 4.2430e+01
0.2770961  0.18050 4.6776e+07 4.2229e+01
0.2785615  0.18100 4.6742e+07 4.2028e+01
0.2800287  0.18150 4.6709e+07 4.1829e+01
0.2814961  0.18200 4.6676e+07 4.1629e+01
0.2829656  0.18250 4.6642e+07 4.1432e+01
0.2844351  0.18300 4.6609e+07 4.1234e+01
0.2859068  0.18350 4.6575e+07 4.1038e+01
0.2873787  0.18400 4.6542e+07 4.0842e+01
0.2888513  0.18450 4.6508e+07 4.0647e+01
0.2903257  0.18500 4.6474e+07 4.0453e+01
0.2918000  0.18550 4.6441e+07 4.0259e+01
0.2932758  0.18600 4.6407e+07 4.0066e+01
0.2947522  0.18650 4.6373e+07 3.9874e+01
0.2962296  0.18700 4.6339e+07 3.9683e+01
0.2977076  0.18750 4.6306e+07 3.9492e+01
0.2991864  0.18800 4.6272e+07 3.9302e+01
0.3006659  0.18850 4.6238e+07 3.9113e+01
0.3021463  0.18900 4.6204e+07 3.8925e+01
0.3036274  0.18950 4.6170e+07 3.8737e+01
0.3051096  0.19000 4.6136e+07 3.8551e+01
0.3065918  0.19050 4.6102e+07 3.8365e+01
0.3080743  0.19100 4.6068e+07 3.8179e+01
0.3095583  0.19150 4.6034e+07 3.7995e+01
0.3110422  0.19200 4.6000e+07 3.7811e+01
0.3125263  0.19250 4.5965e+07 3.7627e+01
0.3140116  0.19300 4.5931e+07 3.7445e+01
0.3154970  0.19350 4.5897e+07 3.7263e+01
0.3169830  0.19400 4.5863e+07 3.7082e+01
0.3184693  0.19450 4.5829e+07 3.6901e+01
0.3199562  0.19500 4.5794e+07 3.6722e+01
0.3214433  0.19550 4.5760e+07 3.6543e+01
0.3229308  0.19600 4.5726e+07 3.6365e+01
0.3244186  0.19650 4.5692e+07 3.6187e+01
0.3259067  0.19700 4.5657e+07 3.6011e+01
0.3273950  0.19750 4.5623e+07 3.5834e+01
0.3288837  0.19800 4.5589e+07 3.5659e+01
0.3303724  0.19850 4.5554e+07 3.5484e+01
0.3318615  0.19900 4.5520e+07 3.5311e+01
0.3333506  0.19950 4.5486e+07 3.5137e+01
0.3348399  0.20000 4.5451e+07 3.4965e+01
0.3363293  0.20050 4.5417e+07 3.4793e+01
0.3378189  0.20100 4.5382e+07 3.4622e+01
0.3393085  0.20150 4.5348e+07 3.4452e+01
0.3407981  0.20200 4.5313e+07 3.4281e+01
0.3422877  0.20250 4.5279e+07 3.4112e+01
0.3437773  0.20300 4.5245e+07 3.3944e+01
0.3452668  0.20350 4.5210e+07 3.3776e+01
0.3467563  0.20400 4.5176e+07 3.3609e+01
0.3482456  0.20450 4.5141e+07 3.3442e+01
0.3497349  0.20500 4.5107e+07 3.3277e+01
0.3512240  0.20550 4.5072e+07 3.3111e+01
0.3527130  0.20600 4.5038e+07 3.2947e+01
0.3542018  0.20650 4.5004e+07 3.2783e+01
0.3556902  0.20700 4.4969e+07 3.2621e+01
0.3571787  0.20750 4.4935e+07 3.2458e+01
0.3586668  0.20800 4.4900e+07 3.2296e+01
0.3601545  0.20850 4.4866e+07 3.2136e+01
0.3616422  0.20900 4.4831e+07 3.1975e+01
0.3631292  0.20950 4.4797e+07 3.1815e+01
0.3646161  0.21000 4.4762e+07 3.1656e+01
0.3661026  0.21050 4.4728e+07 3.1497e+01
0.3675885  0.21100 4.4694e+07 3.1340e+01
0.3690743  0.21150 4.4659e+07 3.1182e+01
0.3705592  0.21200 4.4625e+07 3.1026e+01
0.3720440  0.21250 4.4590e+07 3.0870e+01
0.3735282  0.21300 4.4556e+07 3.0715e+01
0.3750118  0.21350 4.4522e+07 3.0561e+01
0.3764953  0.21400 4.4487e+07 3.0406e+01
0.3779770  0.21450 4.4453e+07 3.0254e+01
0.3794588  0.21500 4.4419e+07 3.0102e+01
0.3809405  0.21550 4.4384e+07 2.9950e+01
0.3824223  0.21600 4.4350e+07 2.9797e+01
0.3839016  0.21650 4.4316e+07 2.9647e+01
0.3853806  0.21700 4.4281e+07 2.9498e+01
0.3868596  0.21750 4.4247e+07 2.9348e+01
0.3883386  0.21800 4.4213e+07 2.9199e+01
0.3898159  0.21850 4.4178e+07 2.9050e+01
0.3912923  0.21900 4.4144e+07 2.8903e+01
0.3927687  0.21950 4.4110e+07 2.8756e+01
0.3942431  0.22000 4.4075e+07 2.8610e+01
0.3957173  0.22050 4.4041e+07 2.8464e+01
0.3971911  0.22100 4.4007e+07 2.8319e+01
0.3986622  0.22150 4.3973e+07 2.8175e+01
0.4001334  0.22200 4.3938e+07 2.8031e+01
0.4016046  0.22250 4.3904e+07 2.7888e+01
0.4030758  0.22300 4.3870e+07 2.7744e+01
0.4045433  0.22350 4.3835e+07 2.7603e+01
0.4060105  0.22400 4.3801e+07 2.7462e+01
0.4074777  0.22450 4.3767e+07 2.7321e+01
0.4089448  0.22500 4.3733e+07 2.7180e+01
0.4104094  0.22550 4.3699e+07 2.7041e+01
0.4118725  0.22600 4.3664e+07 2.6902e+01
0.4133357  0.22650 4.3630e+07 2.6764e+01
0.4147981  0.22700 4.3596e+07 2.6626e+01
0.4162574  0.22750 4.3562e+07 2.6489e+01
0.4177168  0.22800 4.3528e+07 2.6352e+01
0.4191761  0.22850 4.3493e+07 2.6216e+01
0.4206324  0.22900 4.3459e+07 2.6081e+01
0.4220877  0.22950 4.3425e+07 2.5946e+01
0.4235429  0.23000 4.3391e+07 2.5812e+01
0.4249975  0.23050 4.3357e+07 2.5678e+01
0.4264482  0.23100 4.3323e+07 2.5545e+01
0.4278990  0.23150 4.3289e+07 2.5413e+01
0.4293498  0.23200 4.3255e+07 2.5281e+01
0.4307982  0.23250 4.3221e+07 2.5149e+01
0.4322445  0.23300 4.3187e+07 2.5019e+01
0.4336908  0.23350 4.3153e+07 2.4889e+01
0.4351357  0.23400 4.3119e+07 2.4759e+01
0.4365776  0.23450 4.3085e+07 2.4630e+01
0.4380196  0.23500 4.3051e+07 2.4502e+01
0.4394609  0.23550 4.3017e+07 2.4374e+01
0.4408973  0.23600 4.2983e+07 2.4247e+01
0.4423337  0.23650 4.2950e+07 2.4121e+01
0.4437700  0.23700 4.2916e+07 2.3995e+01
0.4452064  0.23750 4.2882e+07 2.3869e+01
0.4466398  0.23800 4.2848e+07 2.3743e+01
0.4480691  0.23850 4.2814e+07 2.3620e+01
0.4494985  0.23900 4.2781e+07 2.3496e+01
0.4509278  0.23950 4.2747e+07 2.3373e+01
0.4523572  0.24000 4.2713e+07 2.3249e+01
0.4537820  0.24050 4.2680e+07 2.3127e+01
0.4552051  0.24100 4.2646e+07 2.3006e+01
0.4566281  0.24150 4.2612e+07 2.2884e+01
0.4580487  0.24200 4.2579e+07 2.2764e+01
0.4594664  0.24250 4.2545e+07 2.2644e+01
0.4608842  0.24300 4.2512e+07 2.2524e+01
0.4623004  0.24350 4.2478e+07 2.2405e+01
0.4637113  0.24400 4.2445e+07 2.2288e+01
0.4651221  0.24450 4.2411e+07 2.2171e+01
0.4665330  0.24500 4.2378e+07 2.2053e+01
0.4679438  0.24550 4.2345e+07 2.1936e+01
0.4693536  0.24600 4.2311e+07 2.1819e+01
0.4707570  0.24650 4.2278e+07 2.1704e+01
0.4721604  0.24700 4.2245e+07 2.1589e+01
0.4735638  0.24750 4.2211e+07 2.1474e+01
0.4749625  0.24800 4.2178e+07 2.1360e+01
0.4763598  0.24850 4.2145e+07 2.1247e+01
0.4777571  0.24900 4.2112e+07 2.1133e+01
0.4791516  0.24950 4.2079e+07 2.1021e+01
0.4805415  0.25000 4.2046e+07 2.0910e+01
0.4819314  0.25050 4.2013e+07 2.0798e+01
0.4833213  0.25100 4.1980e+07 2.0687e+01
0.4847112  0.25150 4.1946e+07 2.0576e+01
0.4860946  0.25200 4.1914e+07 2.0467e+01
0.4874756  0.25250 4.1881e+07 2.0358e+01
0.4888567  0.25300 4.1848e+07 2.0249e+01
0.4902377  0.25350 4.1815e+07 2.0140e+01
0.4916182  0.25400 4.1782e+07 2.0032e+01
0.4929899  0.25450 4.1749e+07 1.9925e+01
0.4943617  0.25500 4.1716e+07 1.9819e+01
0.4957334  0.25550 4.1684e+07 1.9713e+01
0.4971051  0.25600 4.1651e+07 1.9606e+01
0.4984742  0.25650 4.1618e+07 1.9501e+01
0.4998367  0.25700 4.1586e+07 1.9397e+01
0.5011993  0.25750 4.1553e+07 1.9293e+01
0.5025619  0.25800 4.1520e+07 1.9188e+01
0.5039242  0.25850 4.1488e+07 1.9084e+01
0.5052779  0.25900 4.1455e+07 1.8983e+01
0.5066316  0.25950 4.1423e+07 1.8881e+01
0.5079853  0.26000 4.1391e+07 1.8779e+01
0.5093390  0.26050 4.1358e+07 1.8677e+01
0.5106854  0.26100 4.1326e+07 1.8576e+01
0.5120294  0.26150 4.1294e+07 1.8477e+01
0.5133733  0.26200 4.1261e+07 1.8377e+01
0.5147173  0.26250 4.1229e+07 1.8277e+01
0.5160612  0.26300 4.1197e+07 1.8177e+01
0.5173963  0.26350 4.1165e+07 1.8080e+01
0.5187295  0.26400 4.1133e+07 1.7982e+01
0.5200627  0.26450 4.1101e+07 1.7885e+01
0.5213960  0.26500 4.1069e+07 1.7788e+01
0.5227292  0.26550 4.1037e+07 1.7690e+01
0.5240497  0.26600 4.1005e+07 1.7596e+01
0.5253685  0.26650 4.0973e+07 1.7501e+01
0.5266872  0.26700 4.0941e+07 1.7407e+01
0.5280059  0.26750 4.0910e+07 1.7313e+01
0.5293247  0.26800 4.0878e+07 1.7219e+01
0.5306434  0.26850 4.0846e+07 1.7124e+01
0.5319622  0.26900 4.0814e+07 1.7030e+01
0.5332809  0.26950 4.0782e+07 1.6936e+01
0.5345882  0.27000 4.0751e+07 1.6844e+01
0.5358897  0.27050 4.0720e+07 1.6753e+01
0.5371911  0.27100 4.0688e+07 1.6662e+01
0.5384926  0.27150 4.0657e+07 1.6571e+01
0.5397940  0.27200 4.0625e+07 1.6480e+01
0.5410955  0.27250 4.0594e+07 1.6390e+01
0.5423969  0.27300 4.0563e+07 1.6299e+01
0.5436832  0.27350 4.0531e+07 1.6211e+01
0.5449677  0.27400 4.0500e+07 1.6123e+01
0.5462522  0.27450 4.0469e+07 1.6036e+01
0.5475368  0.27500 4.0438e+07 1.5948e+01
0.5488213  0.27550 4.0407e+07 1.5860e+01
0.5501058  0.27600 4.0376e+07 1.5773e+01
0.5513903  0.27650 4.0345e+07 1.5685e+01
0.5526709  0.27700 4.0314e+07 1.5598e+01
0.5539398  0.27750 4.0283e+07 1.5513e+01
0.5552087  0.27800 4.0252e+07 1.5428e+01
0.5564776  0.27850 4.0221e+07 1.5343e+01
0.5577465  0.27900 4.0190e+07 1.5258e+01
0.5590147  0.27950 4.0160e+07 1.5174e+01
0.5602708  0.28000 4.0129e+07 1.5091e+01
0.5615269  0.28050 4.0098e+07 1.5008e+01
0.5627830  0.28100 4.0068e+07 1.4926e+01
0.5640391  0.28150 4.0037e+07 1.4843e+01
0.5652951  0.28200 4.0006e+07 1.4760e+01
0.5665376  0.28250 3.9976e+07 1.4680e+01
0.5677765  0.28300 3.9946e+07 1.4600e+01
0.5690154  0.28350 3.9915e+07 1.4520e+01
0.5702543  0.28400 3.9885e+07 1.4441e+01
0.5714932  0.28450 3.9855e+07 1.4361e+01
0.5727321  0.28500 3.9824e+07 1.4281e+01
0.5739709  0.28550 3.9794e+07 1.4201e+01
0.5752098  0.28600 3.9764e+07 1.4122e+01
0.5764478  0.28650 3.9733e+07 1.4042e+01
0.5776677  0.28700 3.9703e+07 1.3965e+01
0.5788877  0.28750 3.9673e+07 1.3888e+01
0.5801076  0.28800 3.9643e+07 1.3812e+01
0.5813276  0.28850 3.9613e+07 1.3735e+01
0.5825475  0.28900 3.9583e+07 1.3658e+01
0.5837674  0.28950 3.9553e+07 1.3581e+01
0.5849738  0.29000 3.9524e+07 1.3507e+01
0.5861794  0.29050 3.9494e+07 1.3432e+01
0.5873849  0.29100 3.9464e+07 1.3357e+01
0.5885905  0.29150 3.9434e+07 1.3283e+01
0.5897960  0.29200 3.9405e+07 1.3208e+01
0.5909883  0.29250 3.9375e+07 1.3136e+01
0.5921783  0.29300 3.9346e+07 1.3063e+01
0.5933683  0.29350 3.9316e+07 1.2991e+01
0.5945583  0.29400 3.9287e+07 1.2919e+01
0.5957483  0.29450 3.9257e+07 1.2847e+01
0.5969383  0.29500 3.9228e+07 1.2774e+01
0.5981283  0.29550 3.9198e+07 1.2702e+01
0.5993036  0.29600 3.9169e+07 1.2632e+01
0.6004756  0.29650 3.9140e+07 1.2562e+01
0.6016475  0.29700 3.9111e+07 1.2493e+01
0.6028194  0.29750 3.9081e+07 1.2423e+01
0.6039913  0.29800 3.9052e+07 1.2353e+01
0.6051632  0.29850 3.9023e+07 1.2284e+01
0.6063352  0.29900 3.8994e+07 1.2214e+01
0.6074849  0.29950 3.8965e+07 1.2148e+01
0.6086343  0.30000 3.8936e+07 1.2081e+01
0.6097836  0.30050 3.8907e+07 1.2015e+01
0.6109330  0.30100 3.8878e+07 1.1948e+01
0.6120823  0.30150 3.8850e+07 1.1882e+01
0.6132317  0.30200 3.8821e+07 1.1815e+01
0.6143810  0.30250 3.8792e+07 1.1749e+01
0.6155304  0.30300 3.8763e+07 1.1682e+01
0.6166798  0.30350 3.8734e+07 1.1616e+01
0.6178291  0.30400 3.8705e+07 1.1549e+01
0.6189702  0.30450 3.8676e+07 1.1484e+01
0.6200977  0.30500 3.8648e+07 1.1420e+01
0.6212251  0.30550 3.8619e+07 1.1357e+01
0.6223525  0.30600 3.8591e+07 1.1293e+01
0.6234799  0.30650 3.8562e+07 1.1230e+01
0.6246073  0.30700 3.8534e+07 1.1166e+01
0.6257229  0.30750 3.8506e+07 1.1104e+01
0.6268315  0.30800 3.8477e+07 1.1043e+01
0.6279401  0.30850 3.8449e+07 1.0982e+01
0.6290487  0.30900 3.8421e+07 1.0920e+01
0.6301573  0.30950 3.8393e+07 1.0859e+01
0.6312659  0.31000 3.8364e+07 1.0798e+01
0.6323746  0.31050 3.8336e+07 1.0737e+01
0.6334832  0.31100 3.8308e+07 1.0676e+01
0.6345910  0.31150 3.8280e+07 1.0615e+01
0.6356797  0.31200 3.8252e+07 1.0556e+01
0.6367684  0.31250 3.8224e+07 1.0497e+01
0.6378571  0.31300 3.8196e+07 1.0438e+01
0.6389459  0.31350 3.8168e+07 1.0380e+01
0.6400346  0.31400 3.8140e+07 1.0321e+01
0.6411233  0.31450 3.8112e+07 1.0262e+01
0.6421995  0.31500 3.8084e+07 1.0205e+01
0.6432714  0.31550 3.8057e+07 1.0148e+01
0.6443433  0.31600 3.8029e+07 1.0091e+01
0.6454151  0.31650 3.8001e+07 1.0035e+01
0.6464870  0.31700 3.7974e+07 9.9779e+00
0.6475589  0.31750 3.7946e+07 9.9212e+00
0.6486249  0.31800 3.7918e+07 9.8651e+00
0.6496797  0.31850 3.7891e+07 9.8104e+00
0.6507345  0.31900 3.7864e+07 9.7557e+00
0.6517893  0.31950 3.7836e+07 9.7009e+00
0.6528441  0.32000 3.7809e+07 9.6462e+00
0.6538988  0.32050 3.7781e+07 9.5914e+00
0.6549536  0.32100 3.7754e+07 9.5367e+00
0.6559938  0.32150 3.7727e+07 9.4836e+00
0.6570313  0.32200 3.7700e+07 9.4308e+00
0.6580688  0.32250 3.7672e+07 9.3780e+00
0.6591062  0.32300 3.7645e+07 9.3253e+00
0.6601437  0.32350 3.7618e+07 9.2725e+00
0.6611811  0.32400 3.7591e+07 9.2197e+00
0.6622139  0.32450 3.7564e+07 9.1674e+00
0.6632309  0.32500 3.7537e+07 9.1169e+00
0.6642480  0.32550 3.7510e+07 9.0664e+00
0.6652651  0.32600 3.7484e+07 9.0159e+00
0.6662822  0.32650 3.7457e+07 8.9653e+00
0.6672992  0.32700 3.7430e+07 8.9148e+00
0.6683163  0.32750 3.7403e+07 8.8643e+00
0.6693334  0.32800 3.7376e+07 8.8138e+00
0.6703505  0.32850 3.7349e+07 8.7633e+00
0.6713622  0.32900 3.7323e+07 8.7133e+00
0.6723574  0.32950 3.7296e+07 8.6651e+00
0.6733526  0.33000 3.7270e+07 8.6168e+00
0.6743477  0.33050 3.7243e+07 8.5686e+00
0.6753429  0.33100 3.7217e+07 8.5204e+00
0.6763381  0.33150 3.7190e+07 8.4722e+00
0.6773333  0.33200 3.7164e+07 8.4239e+00
0.6783285  0.33250 3.7137e+07 8.3757e+00
0.6793136  0.33300 3.7111e+07 8.3285e+00
0.6802915  0.33350 3.7085e+07 8.2820e+00
0.6812695  0.33400 3.7059e+07 8.2356e+00
0.6822475  0.33450 3.7032e+07 8.1891e+00
0.6832255  0.33500 3.7006e+07 8.1426e+00
0.6842012  0.33550 3.6980e+07 8.0964e+00
0.6851617  0.33600 3.6954e+07 8.0516e+00
0.6861223  0.33650 3.6928e+07 8.0069e+00
0.6870828  0.33700 3.6902e+07 7.9622e+00
0.6880434  0.33750 3.6876e+07 7.9175e+00
0.6890039  0.33800 3.6850e+07 7.8728e+00
0.6899644  0.33850 3.6824e+07 7.8281e+00
0.6909250  0.33900 3.6798e+07 7.7833e+00
0.6918855  0.33950 3.6772e+07 7.7386e+00
0.6928223  0.34000 3.6746e+07 7.6962e+00
0.6937589  0.34050 3.6720e+07 7.6538e+00
0.6946954  0.34100 3.6694e+07 7.6115e+00
0.6956319  0.34150 3.6669e+07 7.5691e+00
0.6965685  0.34200 3.6643e+07 7.5267e+00
0.6975050  0.34250 3.6617e+07 7.4843e+00
0.6984416  0.34300 3.6592e+07 7.4420e+00
0.6993781  0.34350 3.6566e+07 7.3996e+00
0.7003147  0.34400 3.6540e+07 7.3572e+00
0.7012512  0.34450 3.6515e+07 7.3148e+00
0.7021819  0.34500 3.6489e+07 7.2730e+00
0.7030953  0.34550 3.6464e+07 7.2327e+00
0.7040087  0.34600 3.6438e+07 7.1925e+00
0.7049221  0.34650 3.6413e+07 7.1522e+00
0.7058355  0.34700 3.6387e+07 7.1120e+00
0.7067489  0.34750 3.6362e+07 7.0717e+00
0.7076623  0.34800 3.6337e+07 7.0314e+00
0.7085757  0.34850 3.6311e+07 6.9912e+00
0.7094707  0.34900 3.6286e+07 6.9526e+00
0.7103640  0.34950 3.6261e+07 6.9141e+00
0.7112574  0.35000 3.6236e+07 6.8757e+00
0.7121507  0.35050 3.6211e+07 6.8373e+00
0.7130440  0.35100 3.6186e+07 6.7988e+00
0.7139374  0.35150 3.6161e+07 6.7604e+00
0.7148307  0.35200 3.6135e+07 6.7219e+00
0.7157240  0.35250 3.6110e+07 6.6835e+00
0.7166141  0.35300 3.6085e+07 6.6453e+00
0.7174870  0.35350 3.6060e+07 6.6087e+00
0.7183600  0.35400 3.6036e+07 6.5720e+00
0.7192329  0.35450 3.6011e+07 6.5353e+00
0.7201058  0.35500 3.5986e+07 6.4986e+00
0.7209788  0.35550 3.5961e+07 6.4620e+00
0.7218517  0.35600 3.5936e+07 6.4253e+00
0.7227246  0.35650 3.5911e+07 6.3886e+00
0.7235892  0.35700 3.5887e+07 6.3526e+00
0.7244447  0.35750 3.5862e+07 6.3174e+00
0.7253002  0.35800 3.5837e+07 6.2822e+00
0.7261557  0.35850 3.5813e+07 6.2470e+00
0.7270113  0.35900 3.5788e+07 6.2118e+00
0.7278668  0.35950 3.5764e+07 6.1766e+00
0.7287223  0.36000 3.5739e+07 6.1414e+00
0.7295583  0.36050 3.5715e+07 6.1078e+00
0.7303933  0.36100 3.5690e+07 6.0743e+00
0.7312283  0.36150 3.5666e+07 6.0409e+00
0.7320633  0.36200 3.5642e+07 6.0074e+00
0.7328983  0.36250 3.5617e+07 5.9739e+00
0.7337333  0.36300 3.5593e+07 5.9404e+00
0.7345683  0.36350 3.5569e+07 5.9069e+00
0.7354033  0.36400 3.5544e+07 5.8734e+00
0.7362383  0.36450 3.5520e+07 5.8399e+00
0.7370733  0.36500 3.5496e+07 5.8064e+00
0.7379035  0.36550 3.5471e+07 5.7733e+00
0.7387190  0.36600 3.5447e+07 5.7413e+00
0.7395345  0.36650 3.5423e+07 5.7094e+00
0.7403500  0.36700 3.5399e+07 5.6774e+00
0.7411655  0.36750 3.5375e+07 5.6454e+00
0.7419811  0.36800 3.5351e+07 5.6134e+00
0.7427860  0.36850 3.5327e+07 5.5823e+00
0.7435878  0.36900 3.5304e+07 5.5514e+00
0.7443896  0.36950 3.5280e+07 5.5205e+00
0.7451913  0.37000 3.5256e+07 5.4896e+00
0.7459931  0.37050 3.5232e+07 5.4587e+00
0.7467949  0.37100 3.5208e+07 5.4278e+00
0.7475890  0.37150 3.5184e+07 5.3975e+00
0.7483754  0.37200 3.5161e+07 5.3678e+00
0.7491617  0.37250 3.5137e+07 5.3380e+00
0.7499480  0.37300 3.5113e+07 5.3083e+00
0.7507344  0.37350 3.5090e+07 5.2786e+00
0.7515207  0.37400 3.5066e+07 5.2489e+00
0.7523071  0.37450 3.5042e+07 5.2191e+00
0.7530864  0.37500 3.5019e+07 5.1899e+00
0.7538548  0.37550 3.4996e+07 5.1616e+00
0.7546232  0.37600 3.4972e+07 5.1332e+00
0.7553916  0.37650 3.4949e+07 5.1048e+00
0.7561600  0.37700 3.4925e+07 5.0764e+00
0.7569285  0.37750 3.4902e+07 5.0480e+00
0.7576969  0.37800 3.4879e+07 5.0196e+00
0.7584653  0.37850 3.4855e+07 4.9912e+00
0.7592337  0.37900 3.4832e+07 4.9628e+00
0.7599876  0.37950 3.4809e+07 4.9355e+00
0.7607347  0.38000 3.4786e+07 4.9087e+00
0.7614819  0.38050 3.4762e+07 4.8818e+00
0.7622290  0.38100 3.4739e+07 4.8550e+00
0.7629761  0.38150 3.4716e+07 4.8281e+00
0.7637232  0.38200 3.4693e+07 4.8013e+00
0.7644703  0.38250 3.4670e+07 4.7744e+00
0.7652174  0.38300 3.4647e+07 4.7476e+00
0.7659645  0.38350 3.4624e+07 4.7207e+00
0.7667116  0.38400 3.4601e+07 4.6939e+00
0.7674540  0.38450 3.4578e+07 4.6673e+00
0.7681810  0.38500 3.4555e+07 4.6419e+00
0.7689080  0.38550 3.4532e+07 4.6164e+00
0.7696350  0.38600 3.4510e+07 4.5909e+00
0.7703619  0.38650 3.4487e+07 4.5655e+00
0.7710889  0.38700 3.4464e+07 4.5400e+00
0.7718159  0.38750 3.4441e+07 4.5146e+00
0.7725429  0.38800 3.4418e+07 4.4891e+00
0.7732624  0.38850 3.4396e+07 4.4641e+00
0.7739720  0.38900 3.4373e+07 4.4398e+00
0.7746815  0.38950 3.4351e+07 4.4156e+00
0.7753910  0.39000 3.4328e+07 4.3913e+00
0.7761005  0.39050 3.4305e+07 4.3670e+00
0.7768100  0.39100 3.4283e+07 4.3427e+00
0.7775195  0.39150 3.4260e+07 4.3184e+00
0.7782291  0.39200 3.4238e+07 4.2941e+00
0.7789386  0.39250 3.4215e+07 4.2699e+00
0.7796342  0.39300 3.4193e+07 4.2465e+00
0.7803287  0.39350 3.4170e+07 4.2232e+00
0.7810233  0.39400 3.4148e+07 4.1999e+00
0.7817178  0.39450 3.4126e+07 4.1765e+00
0.7824123  0.39500 3.4103e+07 4.1532e+00
0.7831031  0.39550 3.4081e+07 4.1302e+00
0.7837853  0.39600 3.4059e+07 4.1077e+00
0.7844676  0.39650 3.4037e+07 4.0851e+00
0.7851498  0.39700 3.4014e+07 4.0626e+00
0.7858321  0.39750 3.3992e+07 4.0401e+00
0.7865143  0.39800 3.3970e+07 4.0176e+00
0.7871955  0.39850 3.3948e+07 3.9951e+00
0.7878623  0.39900 3.3926e+07 3.9736e+00
0.7885291  0.39950 3.3904e+07 3.9521e+00
0.7891959  0.40000 3.3882e+07 3.9305e+00
0.7898626  0.40050 3.3860e+07 3.9090e+00
0.7905294  0.40100 3.3838e+07 3.8875e+00
0.7911962  0.40150 3.3816e+07 3.8659e+00
0.7918630  0.40200 3.3794e+07 3.8444e+00
0.7925298  0.40250 3.3772e+07 3.8229e+00
0.7931961  0.40300 3.3750e+07 3.8013e+00
0.7938446  0.40350 3.3728e+07 3.7809e+00
0.7944931  0.40400 3.3706e+07 3.7605e+00
0.7951416  0.40450 3.3685e+07 3.7401e+00
0.7957901  0.40500 3.3663e+07 3.7197e+00
0.7964386  0.40550 3.3641e+07 3.6993e+00
0.7970871  0.40600 3.3619e+07 3.6788e+00
0.7977355  0.40650 3.3598e+07 3.6584e+00
0.7983840  0.40700 3.3576e+07 3.6380e+00
0.7990325  0.40750 3.3554e+07 3.6176e+00
0.7996702  0.40800 3.3533e+07 3.5978e+00
0.8003038  0.40850 3.3511e+07 3.5783e+00
0.8009374  0.40900 3.3490e+07 3.5587e+00
0.8015709  0.40950 3.3468e+07 3.5392e+00
0.8022045  0.41000 3.3446e+07 3.5197e+00
0.8028381  0.41050 3.3425e+07 3.5001e+00
0.8034593  0.41100 3.3404e+07 3.4813e+00
0.8040791  0.41150 3.3382e+07 3.4626e+00
0.8046989  0.41200 3.3361e+07 3.4438e+00
0.8053187  0.41250 3.3339e+07 3.4251e+00
0.8059385  0.41300 3.3318e+07 3.4064e+00
0.8065583  0.41350 3.3297e+07 3.3876e+00
0.8071781  0.41400 3.3275e+07 3.3689e+00
0.8077978  0.41450 3.3254e+07 3.3502e+00
0.8084144  0.41500 3.3233e+07 3.3316e+00
0.8090195  0.41550 3.3212e+07 3.3137e+00
0.8096245  0.41600 3.3190e+07 3.2958e+00
0.8102295  0.41650 3.3169e+07 3.2779e+00
0.8108345  0.41700 3.3148e+07 3.2600e+00
0.8114396  0.41750 3.3127e+07 3.2421e+00
0.8120446  0.41800 3.3106e+07 3.2242e+00
0.8126459  0.41850 3.3085e+07 3.2065e+00
0.8132350  0.41900 3.3064e+07 3.1895e+00
0.8138241  0.41950 3.3043e+07 3.1725e+00
0.8144132  0.42000 3.3022e+07 3.1555e+00
0.8150023  0.42050 3.3001e+07 3.1385e+00
0.8155914  0.42100 3.2980e+07 3.1215e+00
0.8161805  0.42150 3.2959e+07 3.1045e+00
0.8167696  0.42200 3.2938e+07 3.0875e+00
0.8173587  0.42250 3.2917e+07 3.0705e+00
0.8179478  0.42300 3.2896e+07 3.0534e+00
0.8185369  0.42350 3.2875e+07 3.0364e+00
0.8191142  0.42400 3.2854e+07 3.0201e+00
0.8196862  0.42450 3.2834e+07 3.0039e+00
0.8202583  0.42500 3.2813e+07 2.9878e+00
0.8208304  0.42550 3.2792e+07 2.9717e+00
0.8214024  0.42600 3.2772e+07 2.9556e+00
0.8219745  0.42650 3.2751e+07 2.9395e+00
0.8225466  0.42700 3.2730e+07 2.9234e+00
0.8231186  0.42750 3.2709e+07 2.9073e+00
0.8236857  0.42800 3.2689e+07 2.8915e+00
0.8242410  0.42850 3.2668e+07 2.8763e+00
0.8247964  0.42900 3.2648e+07 2.8610e+00
0.8253517  0.42950 3.2627e+07 2.8458e+00
0.8259070  0.43000 3.2607e+07 2.8306e+00
0.8264624  0.43050 3.2586e+07 2.8154e+00
0.8270177  0.43100 3.2566e+07 2.8001e+00
0.8275730  0.43150 3.2545e+07 2.7849e+00
0.8281284  0.43200 3.2525e+07 2.7697e+00
0.8286837  0.43250 3.2504e+07 2.7544e+00
0.8292390  0.43300 3.2484e+07 2.7392e+00
0.8297897  0.43350 3.2463e+07 2.7242e+00
0.8303315  0.43400 3.2443e+07 2.7097e+00
0.8308733  0.43450 3.2423e+07 2.6951e+00
0.8314151  0.43500 3.2403e+07 2.6806e+00
0.8319569  0.43550 3.2382e+07 2.6660e+00
0.8324924  0.43600 3.2362e+07 2.6518e+00
0.8330240  0.43650 3.2342e+07 2.6377e+00
0.8335557  0.43700 3.2322e+07 2.6237e+00
0.8340873  0.43750 3.2302e+07 2.6096e+00
0.8346190  0.43800 3.2282e+07 2.5956e+00
0.8351506  0.43850 3.2261e+07 2.5815e+00
0.8356823  0.43900 3.2241e+07 2.5675e+00
0.8362131  0.43950 3.2221e+07 2.5535e+00
0.8367307  0.44000 3.2201e+07 2.5401e+00
0.8372483  0.44050 3.2181e+07 2.5268e+00
0.8377659  0.44100 3.2161e+07 2.5134e+00
0.8382834  0.44150 3.2141e+07 2.5000e+00
0.8388010  0.44200 3.2121e+07 2.4867e+00
0.8393186  0.44250 3.2101e+07 2.4733e+00
0.8398361  0.44300 3.2081e+07 2.4600e+00
0.8403537  0.44350 3.2061e+07 2.4466e+00
0.8408713  0.44400 3.2042e+07 2.4332e+00
0.8413855  0.44450 3.2022e+07 2.4200e+00
0.8418888  0.44500 3.2002e+07 2.4074e+00
0.8423920  0.44550 3.1982e+07 2.3947e+00
0.8428952  0.44600 3.1962e+07 2.3820e+00
0.8433984  0.44650 3.1943e+07 2.3693e+00
0.8439017  0.44700 3.1923e+07 2.3566e+00
0.8444049  0.44750 3.1903e+07 2.3439e+00
0.8449081  0.44800 3.1883e+07 2.3312e+00
0.8454108  0.44850 3.1864e+07 2.3186e+00
0.8459038  0.44900 3.1844e+07 2.3064e+00
0.8463968  0.44950 3.1824e+07 2.2941e+00
0.8468898  0.45000 3.1805e+07 2.2819e+00
0.8473828  0.45050 3.1785e+07 2.2697e+00
0.8478745  0.45100 3.1766e+07 2.2575e+00
0.8483585  0.45150 3.1746e+07 2.2457e+00
0.8488425  0.45200 3.1727e+07 2.2339e+00
0.8493265  0.45250 3.1707e+07 2.2221e+00
0.8498104  0.45300 3.1688e+07 2.2103e+00
0.8502944  0.45350 3.1668e+07 2.1985e+00
0.8507784  0.45400 3.1649e+07 2.1867e+00
0.8512606  0.45450 3.1629e+07 2.1750e+00
0.8517315  0.45500 3.1610e+07 2.1637e+00
0.8522023  0.45550 3.1591e+07 2.1525e+00
0.8526732  0.45600 3.1571e+07 2.1413e+00
0.8531440  0.45650 3.1552e+07 2.1301e+00
0.8536149  0.45700 3.1533e+07 2.1189e+00
0.8540857  0.45750 3.1513e+07 2.1076e+00
0.8545566  0.45800 3.1494e+07 2.0964e+00
0.8550274  0.45850 3.1475e+07 2.0852e+00
0.8554983  0.45900 3.1455e+07 2.0740e+00
0.8559691  0.45950 3.1436e+07 2.0628e+00
0.8564362  0.46000 3.1417e+07 2.0517e+00
0.8568956  0.46050 3.1398e+07 2.0410e+00
0.8573550  0.46100 3.1379e+07 2.0302e+00
0.8578144  0.46150 3.1359e+07 2.0195e+00
0.8582738  0.46200 3.1340e+07 2.0088e+00
0.8587284  0.46250 3.1321e+07 1.9982e+00
0.8591796  0.46300 3.1302e+07 1.9878e+00
0.8596308  0.46350 3.1283e+07 1.9774e+00
0.8600821  0.46400 3.1264e+07 1.9671e+00
0.8605333  0.46450 3.1245e+07 1.9567e+00
0.8609845  0.46500 3.1226e+07 1.9463e+00
0.8614357  0.46550 3.1207e+07 1.9359e+00
0.8618795  0.46600 3.1188e+07 1.9258e+00
0.8623208  0.46650 3.1169e+07 1.9158e+00
0.8627621  0.46700 3.1150e+07 1.9059e+00
0.8632034  0.46750 3.1131e+07 1.8959e+00
0.8636447  0.46800 3.1112e+07 1.8859e+00
0.8640859  0.46850 3.1094e+07 1.8760e+00
0.8645272  0.46900 3.1075e+07 1.8660e+00
0.8649660  0.46950 3.1056e+07 1.8561e+00
0.8653990  0.47000 3.1037e+07 1.8465e+00
0.8658320  0.47050 3.1018e+07 1.8368e+00
0.8662649  0.47100 3.0999e+07 1.8272e+00
0.8666979  0.47150 3.0981e+07 1.8176e+00
0.8671255  0.47200 3.0962e+07 1.8081e+00
0.8675502  0.47250 3.0943e+07 1.7988e+00
0.8679749  0.47300 3.0925e+07 1.7895e+00
0.8683995  0.47350 3.0906e+07 1.7802e+00
0.8688242  0.47400 3.0887e+07 1.7709e+00
0.8692489  0.47450 3.0868e+07 1.7616e+00
0.8696736  0.47500 3.0850e+07 1.7523e+00
0.8700982  0.47550 3.0831e+07 1.7430e+00
0.8705160  0.47600 3.0813e+07 1.7340e+00
0.8709321  0.47650 3.0794e+07 1.7250e+00
0.8713481  0.47700 3.0775e+07 1.7161e+00
0.8717642  0.47750 3.0757e+07 1.7071e+00
0.8721803  0.47800 3.0738e+07 1.6981e+00
0.8725915  0.47850 3.0720e+07 1.6894e+00
0.8729997  0.47900 3.0701e+07 1.6807e+00
0.8734080  0.47950 3.0683e+07 1.6720e+00
0.8738162  0.48000 3.0664e+07 1.6634e+00
0.8742245  0.48050 3.0646e+07 1.6547e+00
0.8746327  0.48100 3.0628e+07 1.6461e+00
0.8750410  0.48150 3.0609e+07 1.6374e+00
0.8754446  0.48200 3.0591e+07 1.6289e+00
0.8758450  0.48250 3.0572e+07 1.6205e+00
0.8762454  0.48300 3.0554e+07 1.6122e+00
0.8766457  0.48350 3.0536e+07 1.6038e+00
0.8770461  0.48400 3.0517e+07 1.5954e+00
0.8774448  0.48450 3.0499e+07 1.5871e+00
0.8778366  0.48500 3.0481e+07 1.5791e+00
0.8782285  0.48550 3.0463e+07 1.5711e+00
0.8786204  0.48600 3.0444e+07 1.5630e+00
0.8790122  0.48650 3.0426e+07 1.5550e+00
0.8794041  0.48700 3.0408e+07 1.5469e+00
0.8797960  0.48750 3.0390e+07 1.5389e+00
0.8801878  0.48800 3.0371e+07 1.5308e+00
0.8805797  0.48850 3.0353e+07 1.5228e+00
0.8809647  0.48900 3.0335e+07 1.5150e+00
0.8813469  0.48950 3.0317e+07 1.5073e+00
0.8817291  0.49000 3.0299e+07 1.4996e+00
0.8821112  0.49050 3.0281e+07 1.4919e+00
0.8824934  0.49100 3.0263e+07 1.4842e+00
0.8828756  0.49150 3.0245e+07 1.4766e+00
0.8832578  0.49200 3.0227e+07 1.4689e+00
0.8836380  0.49250 3.0208e+07 1.4612e+00
0.8840101  0.49300 3.0190e+07 1.4539e+00
0.8843821  0.49350 3.0173e+07 1.4466e+00
0.8847542  0.49400 3.0155e+07 1.4393e+00
0.8851262  0.49450 3.0137e+07 1.4319e+00
0.8854982  0.49500 3.0119e+07 1.4246e+00
0.8858703  0.49550 3.0101e+07 1.4173e+00
0.8862423  0.49600 3.0083e+07 1.4100e+00
0.8866143  0.49650 3.0065e+07 1.4026e+00
0.8869864  0.49700 3.0047e+07 1.3953e+00
0.8873546  0.49750 3.0029e+07 1.3881e+00
0.8877160  0.49800 3.0011e+07 1.3811e+00
0.8880775  0.49850 2.9993e+07 1.3742e+00
0.8884389  0.49900 2.9975e+07 1.3672e+00
0.8888004  0.49950 2.9958e+07 1.3603e+00
0.8891618  0.50000 2.9940e+07 1.3533e+00
0.8895232  0.50050 2.9922e+07 1.3464e+00
0.8898847  0.50100 2.9904e+07 1.3394e+00
0.8902461  0.50150 2.9886e+07 1.3324e+00
0.8906022  0.50200 2.9869e+07 1.3257e+00
0.8909559  0.50250 2.9851e+07 1.3190e+00
0.8913096  0.50300 2.9833e+07 1.3123e+00
0.8916632  0.50350 2.9815e+07 1.3056e+00
0.8920169  0.50400 2.9798e+07 1.2989e+00
0.8923672  0.50450 2.9780e+07 1.2923e+00
0.8927144  0.50500 2.9762e+07 1.2858e+00
0.8930616  0.50550 2.9745e+07 1.2793e+00
0.8934088  0.50600 2.9727e+07 1.2728e+00
0.8937560  0.50650 2.9710e+07 1.2664e+00
0.8941032  0.50700 2.9692e+07 1.2599e+00
0.8944503  0.50750 2.9674e+07 1.2534e+00
0.8947912  0.50800 2.9657e+07 1.2471e+00
0.8951299  0.50850 2.9639e+07 1.2409e+00
0.8954686  0.50900 2.9622e+07 1.2348e+00
0.8958073  0.50950 2.9604e+07 1.2286e+00
0.8961460  0.51000 2.9587e+07 1.2224e+00
0.8964847  0.51050 2.9569e+07 1.2162e+00
0.8968234  0.51100 2.9552e+07 1.2100e+00
0.8971621  0.51150 2.9534e+07 1.2038e+00
0.8975007  0.51200 2.9517e+07 1.1976e+00
0.8978355  0.51250 2.9499e+07 1.1915e+00
0.8981660  0.51300 2.9482e+07 1.1856e+00
0.8984965  0.51350 2.9464e+07 1.1796e+00
0.8988270  0.51400 2.9447e+07 1.1737e+00
0.8991576  0.51450 2.9429e+07 1.1678e+00
0.8994881  0.51500 2.9412e+07 1.1618e+00
0.8998175  0.51550 2.9395e+07 1.1559e+00
0.9001396  0.51600 2.9377e+07 1.1503e+00
0.9004618  0.51650 2.9360e+07 1.1446e+00
0.9007839  0.51700 2.9343e+07 1.1389e+00
0.9011060  0.51750 2.9325e+07 1.1333e+00
0.9014281  0.51800 2.9308e+07 1.1276e+00
0.9017502  0.51850 2.9291e+07 1.1219e+00
0.9020723  0.51900 2.9273e+07 1.1163e+00
0.9023944  0.51950 2.9256e+07 1.1106e+00
0.9027165  0.52000 2.9239e+07 1.1049e+00
0.9030386  0.52050 2.9221e+07 1.0992e+00
0.9033543  0.52100 2.9204e+07 1.0938e+00
0.9036672  0.52150 2.9187e+07 1.0884e+00
0.9039801  0.52200 2.9170e+07 1.0830e+00
0.9042930  0.52250 2.9152e+07 1.0776e+00
0.9046059  0.52300 2.9135e+07 1.0722e+00
0.9049188  0.52350 2.9118e+07 1.0669e+00
0.9052317  0.52400 2.9101e+07 1.0615e+00
0.9055446  0.52450 2.9084e+07 1.0561e+00
0.9058542  0.52500 2.9066e+07 1.0508e+00
0.9061603  0.52550 2.9049e+07 1.0456e+00
0.9064665  0.52600 2.9032e+07 1.0404e+00
0.9067726  0.52650 2.9015e+07 1.0352e+00
0.9070788  0.52700 2.8998e+07 1.0301e+00
0.9073849  0.52750 2.8981e+07 1.0249e+00
0.9076865  0.52800 2.8964e+07 1.0198e+00
0.9079860  0.52850 2.8946e+07 1.0148e+00
0.9082854  0.52900 2.8929e+07 1.0099e+00
0.9085849  0.52950 2.8912e+07 1.0049e+00
0.9088844  0.53000 2.8895e+07 9.9990e-01
0.9091838  0.53050 2.8878e+07 9.9491e-01
0.9094833  0.53100 2.8861e+07 9.8993e-01
0.9097828  0.53150 2.8844e+07 9.8494e-01
0.9100815  0.53200 2.8827e+07 9.7998e-01
0.9103742  0.53250 2.8810e+07 9.7519e-01
0.9106670  0.53300 2.8793e+07 9.7040e-01
0.9109597  0.53350 2.8776e+07 9.6561e-01
0.9112525  0.53400 2.8759e+07 9.6082e-01
0.9115452  0.53450 2.8742e+07 9.5604e-01
0.9118376  0.53500 2.8725e+07 9.5125e-01
0.9121228  0.53550 2.8708e+07 9.4668e-01
0.9124080  0.53600 2.8691e+07 9.4211e-01
0.9126932  0.53650 2.8674e+07 9.3754e-01
0.9129784  0.53700 2.8657e+07 9.3297e-01
0.9132636  0.53750 2.8640e+07 9.2840e-01
0.9135488  0.53800 2.8623e+07 9.2383e-01
0.9138340  0.53850 2.8606e+07 9.1926e-01
0.9141191  0.53900 2.8590e+07 9.1468e-01
0.9144043  0.53950 2.8573e+07 9.1011e-01
0.9146895  0.54000 2.8556e+07 9.0554e-01
0.9149747  0.54050 2.8539e+07 9.0097e-01
0.9152526  0.54100 2.8522e+07 8.9660e-01
0.9155301  0.54150 2.8505e+07 8.9224e-01
0.9158077  0.54200 2.8488e+07 8.8788e-01
0.9160852  0.54250 2.8471e+07 8.8352e-01
0.9163628  0.54300 2.8455e+07 8.7915e-01
0.9166403  0.54350 2.8438e+07 8.7479e-01
0.9169137  0.54400 2.8421e+07 8.7055e-01
0.9171837  0.54450 2.8404e+07 8.6639e-01
0.9174537  0.54500 2.8387e+07 8.6224e-01
0.9177238  0.54550 2.8371e+07 8.5809e-01
0.9179938  0.54600 2.8354e+07 8.5394e-01
0.9182638  0.54650 2.8337e+07 8.4978e-01
0.9185338  0.54700 2.8320e+07 8.4563e-01
0.9188039  0.54750 2.8303e+07 8.4148e-01
0.9190739  0.54800 2.8287e+07 8.3732e-01
0.9193439  0.54850 2.8270e+07 8.3317e-01
0.9196139  0.54900 2.8253e+07 8.2902e-01
0.9198840  0.54950 2.8236e+07 8.2486e-01
0.9201470  0.55000 2.8220e+07 8.2089e-01
0.9204088  0.55050 2.8203e+07 8.1696e-01
0.9206706  0.55100 2.8186e+07 8.1302e-01
0.9209324  0.55150 2.8170e+07 8.0908e-01
0.9211943  0.55200 2.8153e+07 8.0515e-01
0.9214561  0.55250 2.8136e+07 8.0121e-01
0.9217179  0.55300 2.8119e+07 7.9727e-01
0.9219797  0.55350 2.8103e+07 7.9334e-01
0.9222383  0.55400 2.8086e+07 7.8948e-01
0.9224942  0.55450 2.8069e+07 7.8570e-01
0.9227501  0.55500 2.8053e+07 7.8192e-01
0.9230060  0.55550 2.8036e+07 7.7813e-01
0.9232619  0.55600 2.8019e+07 7.7435e-01
0.9235178  0.55650 2.8003e+07 7.7057e-01
0.9237737  0.55700 2.7986e+07 7.6678e-01
0.9240240  0.55750 2.7970e+07 7.6314e-01
0.9242741  0.55800 2.7953e+07 7.5951e-01
0.9245242  0.55850 2.7936e+07 7.5587e-01
0.9247743  0.55900 2.7920e+07 7.5224e-01
0.9250244  0.55950 2.7903e+07 7.4860e-01
0.9252745  0.56000 2.7886e+07 7.4497e-01
0.9255246  0.56050 2.7870e+07 7.4134e-01
0.9257747  0.56100 2.7853e+07 7.3770e-01
0.9260217  0.56150 2.7837e+07 7.3414e-01
0.9262654  0.56200 2.7820e+07 7.3067e-01
0.9265090  0.56250 2.7804e+07 7.2720e-01
0.9267526  0.56300 2.7787e+07 7.2373e-01
0.9269962  0.56350 2.7770e+07 7.2025e-01
0.9272399  0.56400 2.7754e+07 7.1678e-01
0.9274835  0.56450 2.7737e+07 7.1331e-01
0.9277271  0.56500 2.7721e+07 7.0984e-01
0.9279708  0.56550 2.7704e+07 7.0637e-01
0.9282095  0.56600 2.7688e+07 7.0301e-01
0.9284467  0.56650 2.7671e+07 6.9970e-01
0.9286839  0.56700 2.7655e+07 6.9639e-01
0.9289210  0.56750 2.7638e+07 6.9307e-01
0.9291582  0.56800 2.7622e+07 6.8976e-01
0.9293954  0.56850 2.7605e+07 6.8644e-01
0.9296326  0.56900 2.7588e+07 6.8313e-01
0.9298697  0.56950 2.7572e+07 6.7982e-01
0.9301069  0.57000 2.7555e+07 6.7650e-01
0.9303393  0.57050 2.7539e+07 6.7330e-01
0.9305705  0.57100 2.7522e+07 6.7014e-01
0.9308017  0.57150 2.7506e+07 6.6697e-01
0.9310328  0.57200 2.7489e+07 6.6380e-01
0.9312640  0.57250 2.7473e+07 6.6063e-01
0.9314952  0.57300 2.7456e+07 6.5746e-01
0.9317264  0.57350 2.7440e+07 6.5429e-01
0.9319576  0.57400 2.7423e+07 6.5112e-01
0.9321845  0.57450 2.7407e+07 6.4805e-01
0.9324111  0.57500 2.7390e+07 6.4498e-01
0.9326376  0.57550 2.7374e+07 6.4192e-01
0.9328642  0.57600 2.7358e+07 6.3886e-01
0.9330908  0.57650 2.7341e+07 6.3580e-01
0.9333141  0.57700 2.7325e+07 6.3281e-01
0.9335350  0.57750 2.7308e+07 6.2989e-01
0.9337559  0.57800 2.7292e+07 6.2696e-01
0.9339768  0.57850 2.7275e+07 6.2403e-01
0.9341977  0.57900 2.7259e+07 6.2110e-01
0.9344186  0.57950 2.7242e+07 6.1818e-01
0.9346394  0.58000 2.7226e+07 6.1525e-01
0.9348603  0.58050 2.7209e+07 6.1232e-01
0.9350812  0.58100 2.7193e+07 6.0939e-01
0.9353021  0.58150 2.7176e+07 6.0647e-01
0.9355230  0.58200 2.7160e+07 6.0354e-01
0.9357439  0.58250 2.7143e+07 6.0061e-01
0.9359593  0.58300 2.7127e+07 5.9781e-01
0.9361739  0.58350 2.7110e+07 5.9502e-01
0.9363886  0.58400 2.7094e+07 5.9223e-01
0.9366033  0.58450 2.7078e+07 5.8944e-01
0.9368180  0.58500 2.7061e+07 5.8665e-01
0.9370326  0.58550 2.7045e+07 5.8387e-01
0.9372473  0.58600 2.7028e+07 5.8108e-01
0.9374573  0.58650 2.7012e+07 5.7839e-01
0.9376663  0.58700 2.6995e+07 5.7573e-01
0.9378753  0.58750 2.6979e+07 5.7307e-01
0.9380843  0.58800 2.6962e+07 5.7041e-01
0.9382933  0.58850 2.6946e+07 5.6775e-01
0.9385023  0.58900 2.6929e+07 5.6509e-01
0.9387113  0.58950 2.6913e+07 5.6243e-01
0.9389203  0.59000 2.6896e+07 5.5977e-01
0.9391293  0.59050 2.6880e+07 5.5711e-01
0.9393383  0.59100 2.6863e+07 5.5445e-01
0.9395473  0.59150 2.6847e+07 5.5179e-01
0.9397510  0.59200 2.6830e+07 5.4925e-01
0.9399543  0.59250 2.6814e+07 5.4671e-01
0.9401576  0.59300 2.6797e+07 5.4417e-01
0.9403609  0.59350 2.6781e+07 5.4164e-01
0.9405642  0.59400 2.6764e+07 5.3910e-01
0.9407675  0.59450 2.6748e+07 5.3656e-01
0.9409708  0.59500 2.6731e+07 5.3403e-01
0.9411723  0.59550 2.6715e+07 5.3153e-01
0.9413717  0.59600 2.6698e+07 5.2907e-01
0.9415711  0.59650 2.6682e+07 5.2662e-01
0.9417705  0.59700 2.6665e+07 5.2416e-01
0.9419699  0.59750 2.6649e+07 5.2171e-01
0.9421689  0.59800 2.6632e+07 5.1926e-01
0.9423649  0.59850 2.6616e+07 5.1688e-01
0.9425609  0.59900 2.6599e+07 5.1450e-01
0.9427569  0.59950 2.6583e+07 5.1212e-01
0.9429529  0.60000 2.6566e+07 5.0974e-01
0.9431490  0.60050 2.6550e+07 5.0735e-01
0.9433450  0.60100 2.6533e+07 5.0497e-01
0.9435370  0.60150 2.6517e+07 5.0267e-01
0.9437287  0.60200 2.6500e+07 5.0038e-01
0.9439204  0.60250 2.6484e+07 4.9809e-01
0.9441121  0.60300 2.6467e+07 4.9580e-01
0.9443038  0.60350 2.6450e+07 4.9351e-01
0.9444955  0.60400 2.6434e+07 4.9122e-01
0.9446872  0.60450 2.6417e+07 4.8893e-01
0.9448789  0.60500 2.6401e+07 4.8664e-01
0.9450702  0.60550 2.6384e+07 4.8435e-01
0.9452573  0.60600 2.6367e+07 4.8215e-01
0.9454444  0.60650 2.6351e+07 4.7996e-01
0.9456315  0.60700 2.6334e+07 4.7776e-01
0.9458186  0.60750 2.6318e+07 4.7556e-01
0.9460057  0.60800 2.6301e+07 4.7336e-01
0.9461928  0.60850 2.6284e+07 4.7117e-01
0.9463799  0.60900 2.6268e+07 4.6897e-01
0.9465641  0.60950 2.6251e+07 4.6683e-01
0.9467469  0.61000 2.6234e+07 4.6472e-01
0.9469297  0.61050 2.6218e+07 4.6261e-01
0.9471125  0.61100 2.6201e+07 4.6050e-01
0.9472953  0.61150 2.6184e+07 4.5839e-01
0.9474781  0.61200 2.6168e+07 4.5628e-01
0.9476608  0.61250 2.6151e+07 4.5417e-01
0.9478436  0.61300 2.6134e+07 4.5206e-01
0.9480254  0.61350 2.6118e+07 4.4997e-01
0.9482043  0.61400 2.6101e+07 4.4794e-01
0.9483832  0.61450 2.6084e+07 4.4590e-01
0.9485621  0.61500 2.6067e+07 4.4387e-01
0.9487410  0.61550 2.6051e+07 4.4184e-01
0.9489199  0.61600 2.6034e+07 4.3980e-01
0.9490982  0.61650 2.6017e+07 4.3778e-01
0.9492744  0.61700 2.6000e+07 4.3580e-01
0.9494506  0.61750 2.5984e+07 4.3382e-01
0.9496267  0.61800 2.5967e+07 4.3184e-01
0.9498029  0.61850 2.5950e+07 4.2986e-01
0.9499767  0.61900 2.5933e+07 4.2793e-01
0.9501500  0.61950 2.5916e+07 4.2600e-01
0.9503234  0.62000 2.5900e+07 4.2408e-01
0.9504967  0.62050 2.5883e+07 4.2215e-01
0.9506701  0.62100 2.5866e+07 4.2022e-01
0.9508434  0.62150 2.5849e+07 4.1830e-01
0.9510161  0.62200 2.5832e+07 4.1639e-01
0.9511858  0.62250 2.5815e+07 4.1453e-01
0.9513556  0.62300 2.5798e+07 4.1268e-01
0.9515253  0.62350 2.5781e+07 4.1082e-01
0.9516951  0.62400 2.5764e+07 4.0896e-01
0.9518648  0.62450 2.5748e+07 4.0711e-01
0.9520346  0.62500 2.5731e+07 4.0525e-01
0.9522043  0.62550 2.5714e+07 4.0339e-01
0.9523725  0.62600 2.5697e+07 4.0157e-01
0.9525392  0.62650 2.5680e+07 3.9977e-01
0.9527059  0.62700 2.5663e+07 3.9797e-01
0.9528726  0.62750 2.5646e+07 3.9617e-01
0.9530393  0.62800 2.5629e+07 3.9437e-01
0.9532039  0.62850 2.5612e+07 3.9261e-01
0.9533681  0.62900 2.5595e+07 3.9086e-01
0.9535323  0.62950 2.5578e+07 3.8910e-01
0.9536965  0.63000 2.5561e+07 3.8735e-01
0.9538608  0.63050 2.5543e+07 3.8560e-01
0.9540243  0.63100 2.5526e+07 3.8386e-01
0.9541859  0.63150 2.5509e+07 3.8215e-01
0.9543474  0.63200 2.5492e+07 3.8045e-01
0.9545089  0.63250 2.5475e+07 3.7874e-01
0.9546705  0.63300 2.5458e+07 3.7704e-01
0.9548320  0.63350 2.5441e+07 3.7534e-01
0.9549923  0.63400 2.5423e+07 3.7365e-01
0.9551516  0.63450 2.5406e+07 3.7199e-01
0.9553109  0.63500 2.5389e+07 3.7033e-01
0.9554702  0.63550 2.5372e+07 3.6866e-01
0.9556283  0.63600 2.5355e+07 3.6702e-01
0.9557858  0.63650 2.5337e+07 3.6539e-01
0.9559433  0.63700 2.5320e+07 3.6376e-01
0.9561008  0.63750 2.5303e+07 3.6213e-01
0.9562567  0.63800 2.5285e+07 3.6052e-01
0.9564121  0.63850 2.5268e+07 3.5893e-01
0.9565675  0.63900 2.5251e+07 3.5734e-01
0.9567229  0.63950 2.5233e+07 3.5574e-01
0.9568783  0.64000 2.5216e+07 3.5415e-01
0.9570331  0.64050 2.5199e+07 3.5257e-01
0.9571865  0.64100 2.5181e+07 3.5101e-01
0.9573399  0.64150 2.5164e+07 3.4945e-01
0.9574932  0.64200 2.5147e+07 3.4789e-01
0.9576452  0.64250 2.5129e+07 3.4636e-01
0.9577968  0.64300 2.5112e+07 3.4483e-01
0.9579484  0.64350 2.5094e+07 3.4330e-01
0.9581000  0.64400 2.5077e+07 3.4178e-01
0.9582513  0.64450 2.5059e+07 3.4025e-01
0.9584013  0.64500 2.5042e+07 3.3875e-01
0.9585514  0.64550 2.5024e+07 3.3725e-01
0.9587006  0.64600 2.5007e+07 3.3577e-01
0.9588495  0.64650 2.4989e+07 3.3429e-01
0.9589983  0.64700 2.4971e+07 3.3281e-01
0.9591462  0.64750 2.4954e+07 3.3134e-01
0.9592934  0.64800 2.4936e+07 3.2989e-01
0.9594406  0.64850 2.4919e+07 3.2844e-01
0.9595877  0.64900 2.4901e+07 3.2699e-01
0.9597349  0.64950 2.4883e+07 3.2553e-01
0.9598807  0.65000 2.4866e+07 3.2411e-01
0.9600262  0.65050 2.4848e+07 3.2268e-01
0.9601717  0.65100 2.4830e+07 3.2126e-01
0.9603164  0.65150 2.4812e+07 3.1985e-01
0.9604607  0.65200 2.4795e+07 3.1845e-01
0.9606050  0.65250 2.4777e+07 3.1704e-01
0.9607483  0.65300 2.4759e+07 3.1565e-01
0.9608916  0.65350 2.4741e+07 3.1427e-01
0.9610340  0.65400 2.4723e+07 3.1290e-01
0.9611762  0.65450 2.4706e+07 3.1153e-01
0.9613184  0.65500 2.4688e+07 3.1016e-01
0.9614599  0.65550 2.4670e+07 3.0880e-01
0.9616010  0.65600 2.4652e+07 3.0745e-01
0.9617417  0.65650 2.4634e+07 3.0611e-01
0.9618818  0.65700 2.4616e+07 3.0477e-01
0.9620219  0.65750 2.4598e+07 3.0344e-01
0.9621612  0.65800 2.4580e+07 3.0211e-01
0.9623001  0.65850 2.4562e+07 3.0080e-01
0.9624390  0.65900 2.4544e+07 2.9948e-01
0.9625775  0.65950 2.4526e+07 2.9818e-01
0.9627152  0.66000 2.4508e+07 2.9688e-01
0.9628529  0.66050 2.4490e+07 2.9558e-01
0.9629901  0.66100 2.4472e+07 2.9430e-01
0.9631269  0.66150 2.4454e+07 2.9301e-01
0.9632631  0.66200 2.4435e+07 2.9174e-01
0.9633992  0.66250 2.4417e+07 2.9047e-01
0.9635344  0.66300 2.4399e+07 2.8922e-01
0.9636697  0.66350 2.4381e+07 2.8796e-01
0.9638047  0.66400 2.4363e+07 2.8670e-01
0.9639391  0.66450 2.4344e+07 2.8546e-01
0.9640731  0.66500 2.4326e+07 2.8422e-01
0.9642067  0.66550 2.4308e+07 2.8299e-01
0.9643402  0.66600 2.4290e+07 2.8176e-01
0.9644731  0.66650 2.4271e+07 2.8054e-01
0.9646055  0.66700 2.4253e+07 2.7933e-01
0.9647377  0.66750 2.4234e+07 2.7812e-01
0.9648693  0.66800 2.4216e+07 2.7692e-01
0.9650009  0.66850 2.4198e+07 2.7572e-01
0.9651319  0.66900 2.4179e+07 2.7453e-01
0.9652626  0.66950 2.4161e+07 2.7334e-01
0.9653928  0.67000 2.4142e+07 2.7217e-01
0.9655227  0.67050 2.4124e+07 2.7099e-01
0.9656523  0.67100 2.4105e+07 2.6982e-01
0.9657815  0.67150 2.4087e+07 2.6866e-01
0.9659104  0.67200 2.4068e+07 2.6750e-01
0.9660388  0.67250 2.4050e+07 2.6635e-01
0.9661668  0.67300 2.4031e+07 2.6520e-01
0.9662946  0.67350 2.4012e+07 2.6406e-01
0.9664220  0.67400 2.3994e+07 2.6292e-01
0.9665490  0.67450 2.3975e+07 2.6180e-01
0.9666756  0.67500 2.3956e+07 2.6067e-01
0.9668019  0.67550 2.3937e+07 2.5955e-01
0.9669279  0.67600 2.3919e+07 2.5844e-01
0.9670535  0.67650 2.3900e+07 2.5733e-01
0.9671788  0.67700 2.3881e+07 2.5622e-01
0.9673036  0.67750 2.3862e+07 2.5513e-01
0.9674281  0.67800 2.3843e+07 2.5404e-01
0.9675523  0.67850 2.3824e+07 2.5295e-01
0.9676761  0.67900 2.3805e+07 2.5187e-01
0.9677996  0.67950 2.3786e+07 2.5079e-01
0.9679228  0.68000 2.3767e+07 2.4972e-01
0.9680455  0.68050 2.3748e+07 2.4865e-01
0.9681680  0.68100 2.3729e+07 2.4759e-01
0.9682901  0.68150 2.3710e+07 2.4654e-01
0.9684119  0.68200 2.3691e+07 2.4549e-01
0.9685333  0.68250 2.3672e+07 2.4444e-01
0.9686544  0.68300 2.3653e+07 2.4340e-01
0.9687751  0.68350 2.3633e+07 2.4237e-01
0.9688956  0.68400 2.3614e+07 2.4134e-01
0.9690156  0.68450 2.3594e+07 2.4031e-01
0.9691354  0.68500 2.3575e+07 2.3930e-01
0.9692548  0.68550 2.3556e+07 2.3828e-01
0.9693738  0.68600 2.3536e+07 2.3727e-01
0.9694926  0.68650 2.3516e+07 2.3627e-01
0.9696110  0.68700 2.3497e+07 2.3527e-01
0.9697291  0.68750 2.3477e+07 2.3428e-01
0.9698468  0.68800 2.3457e+07 2.3329e-01
0.9699643  0.68850 2.3438e+07 2.3231e-01
0.9700814  0.68900 2.3418e+07 2.3133e-01
0.9701982  0.68950 2.3398e+07 2.3036e-01
0.9703146  0.69000 2.3378e+07 2.2939e-01
0.9704307  0.69050 2.3358e+07 2.2843e-01
0.9705466  0.69100 2.3338e+07 2.2747e-01
0.9706621  0.69150 2.3318e+07 2.2652e-01
0.9707772  0.69200 2.3297e+07 2.2557e-01
0.9708921  0.69250 2.3277e+07 2.2463e-01
0.9710067  0.69300 2.3257e+07 2.2369e-01
0.9711209  0.69350 2.3236e+07 2.2276e-01
0.9712349  0.69400 2.3216e+07 2.2183e-01
0.9713485  0.69450 2.3195e+07 2.2091e-01
0.9714618  0.69500 2.3175e+07 2.1999e-01
0.9715748  0.69550 2.3154e+07 2.1908e-01
0.9716875  0.69600 2.3133e+07 2.1817e-01
0.9717999  0.69650 2.3112e+07 2.1727e-01
0.9719120  0.69700 2.3091e+07 2.1638e-01
0.9720238  0.69750 2.3070e+07 2.1548e-01
0.9721352  0.69800 2.3049e+07 2.1460e-01
0.9722464  0.69850 2.3028e+07 2.1371e-01
0.9723573  0.69900 2.3006e+07 2.1284e-01
0.9724679  0.69950 2.2985e+07 2.1197e-01
0.9725782  0.70000 2.2964e+07 2.1110e-01
0.9726882  0.70050 2.2942e+07 2.1024e-01
0.9727979  0.70100 2.2920e+07 2.0938e-01
0.9729073  0.70150 2.2898e+07 2.0853e-01
0.9730165  0.70200 2.2877e+07 2.0768e-01
0.9731253  0.70250 2.2854e+07 2.0684e-01
0.9732339  0.70300 2.2832e+07 2.0600e-01
0.9733422  0.70350 2.2810e+07 2.0517e-01
0.9734501  0.70400 2.2788e+07 2.0434e-01
0.9735579  0.70450 2.2765e+07 2.0352e-01
0.9736653  0.70500 2.2743e+07 2.0270e-01
0.9737724  0.70550 2.2720e+07 2.0189e-01
0.9738793  0.70600 2.2697e+07 2.0109e-01
0.9739859  0.70650 2.2674e+07 2.0028e-01
0.9740922  0.70700 2.2651e+07 1.9949e-01
0.9741983  0.70750 2.2628e+07 1.9870e-01
0.9743040  0.70800 2.2604e+07 1.9791e-01
0.9744095  0.70850 2.2581e+07 1.9713e-01
0.9745148  0.70900 2.2557e+07 1.9635e-01
0.9746198  0.70950 2.2533e+07 1.9558e-01
0.9747245  0.71000 2.2509e+07 1.9482e-01
0.9748289  0.71050 2.2485e+07 1.9406e-01
0.9749331  0.71100 2.2461e+07 1.9331e-01
0.9750370  0.71150 2.2436e+07 1.9256e-01
0.9751407  0.71200 2.2411e+07 1.9182e-01
0.9752442  0.71250 2.2384e+07 1.9112e-01
0.9753473  0.71300 2.2357e+07 1.9042e-01
0.9754503  0.71350 2.2329e+07 1.8973e-01
0.9755531  0.71400 2.2302e+07 1.8903e-01
0.9756556  0.71450 2.2275e+07 1.8834e-01
0.9757578  0.71500 2.2248e+07 1.8765e-01
0.9758599  0.71550 2.2221e+07 1.8696e-01
0.9759617  0.71600 2.2194e+07 1.8627e-01
0.9760633  0.71650 2.2166e+07 1.8558e-01
0.9761646  0.71700 2.2139e+07 1.8490e-01
0.9762657  0.71750 2.2112e+07 1.8422e-01
0.9763666  0.71800 2.2085e+07 1.8354e-01
0.9764672  0.71850 2.2058e+07 1.8286e-01
0.9765676  0.71900 2.2031e+07 1.8218e-01
0.9766678  0.71950 2.2004e+07 1.8151e-01
0.9767678  0.72000 2.1976e+07 1.8083e-01
0.9768675  0.72050 2.1949e+07 1.8016e-01
0.9769669  0.72100 2.1922e+07 1.7949e-01
0.9770662  0.72150 2.1895e+07 1.7882e-01
0.9771651  0.72200 2.1868e+07 1.7816e-01
0.9772639  0.72250 2.1841e+07 1.7749e-01
0.9773625  0.72300 2.1813e+07 1.7683e-01
0.9774608  0.72350 2.1786e+07 1.7617e-01
0.9775589  0.72400 2.1759e+07 1.7550e-01
0.9776567  0.72450 2.1732e+07 1.7485e-01
0.9777544  0.72500 2.1705e+07 1.7419e-01
0.9778517  0.72550 2.1678e+07 1.7353e-01
0.9779489  0.72600 2.1651e+07 1.7288e-01
0.9780458  0.72650 2.1623e+07 1.7223e-01
0.9781425  0.72700 2.1596e+07 1.7158e-01
0.9782389  0.72750 2.1569e+07 1.7093e-01
0.9783352  0.72800 2.1542e+07 1.7028e-01
0.9784311  0.72850 2.1515e+07 1.6964e-01
0.9785269  0.72900 2.1488e+07 1.6900e-01
0.9786224  0.72950 2.1461e+07 1.6835e-01
0.9787177  0.73000 2.1433e+07 1.6771e-01
0.9788128  0.73050 2.1406e+07 1.6707e-01
0.9789076  0.73100 2.1379e+07 1.6644e-01
0.9790023  0.73150 2.1352e+07 1.6580e-01
0.9790965  0.73200 2.1325e+07 1.6517e-01
0.9791907  0.73250 2.1298e+07 1.6454e-01
0.9792845  0.73300 2.1271e+07 1.6391e-01
0.9793783  0.73350 2.1243e+07 1.6328e-01
0.9794716  0.73400 2.1216e+07 1.6265e-01
0.9795649  0.73450 2.1189e+07 1.6202e-01
0.9796578  0.73500 2.1162e+07 1.6140e-01
0.9797506  0.73550 2.1135e+07 1.6078e-01
0.9798431  0.73600 2.1108e+07 1.6016e-01
0.9799353  0.73650 2.1081e+07 1.5954e-01
0.9800274  0.73700 2.1053e+07 1.5892e-01
0.9801192  0.73750 2.1026e+07 1.5830e-01
0.9802108  0.73800 2.0999e+07 1.5769e-01
0.9803021  0.73850 2.0972e+07 1.5708e-01
0.9803932  0.73900 2.0945e+07 1.5646e-01
0.9804841  0.73950 2.0918e+07 1.5585e-01
0.9805748  0.74000 2.0891e+07 1.5525e-01
0.9806651  0.74050 2.0864e+07 1.5464e-01
0.9807554  0.74100 2.0836e+07 1.5403e-01
0.9808452  0.74150 2.0809e+07 1.5343e-01
0.9809350  0.74200 2.0782e+07 1.5283e-01
0.9810244  0.74250 2.0755e+07 1.5223e-01
0.9811138  0.74300 2.0728e+07 1.5163e-01
0.9812027  0.74350 2.0701e+07 1.5103e-01
0.9812916  0.74400 2.0673e+07 1.5044e-01
0.9813801  0.74450 2.0646e+07 1.4984e-01
0.9814685  0.74500 2.0619e+07 1.4925e-01
0.9815565  0.74550 2.0592e+07 1.4866e-01
0.9816444  0.74600 2.0565e+07 1.4807e-01
0.9817320  0.74650 2.0538e+07 1.4748e-01
0.9818195  0.74700 2.0511e+07 1.4689e-01
0.9819066  0.74750 2.0483e+07 1.4631e-01
0.9819936  0.74800 2.0456e+07 1.4572e-01
0.9820802  0.74850 2.0429e+07 1.4514e-01
0.9821666  0.74900 2.0402e+07 1.4456e-01
0.9822530  0.74950 2.0375e+07 1.4398e-01
0.9823389  0.75000 2.0347e+07 1.4341e-01
0.9824247  0.75050 2.0320e+07 1.4283e-01
0.9825104  0.75100 2.0293e+07 1.4225e-01
0.9825955  0.75150 2.0266e+07 1.4168e-01
0.9826806  0.75200 2.0239e+07 1.4111e-01
0.9827656  0.75250 2.0212e+07 1.4054e-01
0.9828501  0.75300 2.0184e+07 1.3997e-01
0.9829345  0.75350 2.0157e+07 1.3940e-01
0.9830188  0.75400 2.0130e+07 1.3884e-01
0.9831026  0.75450 2.0103e+07 1.3827e-01
0.9831864  0.75500 2.0076e+07 1.3771e-01
0.9832699  0.75550 2.0048e+07 1.3715e-01
0.9833530  0.75600 2.0021e+07 1.3659e-01
0.9834361  0.75650 1.9994e+07 1.3603e-01
0.9835189  0.75700 1.9967e+07 1.3547e-01
0.9836014  0.75750 1.9939e+07 1.3492e-01
0.9836838  0.75800 1.9912e+07 1.3436e-01
0.9837659  0.75850 1.9885e+07 1.3381e-01
0.9838477  0.75900 1.9858e+07 1.3326e-01
0.9839294  0.75950 1.9831e+07 1.3271e-01
0.9840108  0.76000 1.9803e+07 1.3216e-01
0.9840919  0.76050 1.9776e+07 1.3162e-01
0.9841729  0.76100 1.9749e+07 1.3107e-01
0.9842536  0.76150 1.9722e+07 1.3053e-01
0.9843340  0.76200 1.9694e+07 1.2999e-01
0.9844144  0.76250 1.9667e+07 1.2944e-01
0.9844944  0.76300 1.9640e+07 1.2890e-01
0.9845741  0.76350 1.9612e+07 1.2837e-01
0.9846538  0.76400 1.9585e+07 1.2783e-01
0.9847331  0.76450 1.9558e+07 1.2729e-01
0.9848121  0.76500 1.9531e+07 1.2676e-01
0.9848911  0.76550 1.9503e+07 1.2623e-01
0.9849698  0.76600 1.9476e+07 1.2570e-01
0.9850481  0.76650 1.9449e+07 1.2517e-01
0.9851264  0.76700 1.9421e+07 1.2464e-01
0.9852044  0.76750 1.9394e+07 1.2411e-01
0.9852820  0.76800 1.9367e+07 1.2359e-01
0.9853595  0.76850 1.9340e+07 1.2306e-01
0.9854370  0.76900 1.9312e+07 1.2254e-01
0.9855138  0.76950 1.9285e+07 1.2202e-01
0.9855907  0.77000 1.9258e+07 1.2150e-01
0.9856675  0.77050 1.9230e+07 1.2098e-01
0.9857436  0.77100 1.9203e+07 1.2046e-01
0.9858198  0.77150 1.9176e+07 1.1995e-01
0.9858959  0.77200 1.9148e+07 1.1943e-01
0.9859712  0.77250 1.9121e+07 1.1892e-01
0.9860464  0.77300 1.9093e+07 1.1841e-01
0.9861216  0.77350 1.9066e+07 1.1790e-01
0.9861967  0.77400 1.9039e+07 1.1739e-01
0.9862719  0.77450 1.9011e+07 1.1688e-01
0.9863463  0.77500 1.8984e+07 1.1637e-01
0.9864203  0.77550 1.8957e+07 1.1587e-01
0.9864943  0.77600 1.8929e+07 1.1537e-01
0.9865683  0.77650 1.8902e+07 1.1486e-01
0.9866423  0.77700 1.8874e+07 1.1436e-01
0.9867157  0.77750 1.8847e+07 1.1386e-01
0.9867885  0.77800 1.8820e+07 1.1336e-01
0.9868613  0.77850 1.8792e+07 1.1287e-01
0.9869341  0.77900 1.8765e+07 1.1237e-01
0.9870070  0.77950 1.8737e+07 1.1188e-01
0.9870795  0.78000 1.8710e+07 1.1138e-01
0.9871511  0.78050 1.8682e+07 1.1089e-01
0.9872227  0.78100 1.8655e+07 1.1040e-01
0.9872943  0.78150 1.8627e+07 1.0992e-01
0.9873659  0.78200 1.8600e+07 1.0943e-01
0.9874376  0.78250 1.8572e+07 1.0894e-01
0.9875081  0.78300 1.8545e+07 1.0845e-01
0.9875785  0.78350 1.8517e+07 1.0797e-01
0.9876489  0.78400 1.8490e+07 1.0749e-01
0.9877193  0.78450 1.8462e+07 1.0701e-01
0.9877897  0.78500 1.8435e+07 1.0653e-01
0.9878595  0.78550 1.8407e+07 1.0605e-01
0.9879287  0.78600 1.8380e+07 1.0557e-01
0.9879978  0.78650 1.8352e+07 1.0510e-01
0.9880670  0.78700 1.8325e+07 1.0462e-01
0.9881361  0.78750 1.8297e+07 1.0415e-01
0.9882053  0.78800 1.8269e+07 1.0367e-01
0.9882736  0.78850 1.8242e+07 1.0320e-01
0.9883418  0.78900 1.8214e+07 1.0273e-01
0.9884100  0.78950 1.8187e+07 1.0226e-01
0.9884776  0.79000 1.8159e+07 1.0180e-01
0.9885451  0.79050 1.8131e+07 1.0133e-01
0.9886126  0.79100 1.8104e+07 1.0087e-01
0.9886795  0.79150 1.8076e+07 1.0041e-01
0.9887465  0.79200 1.8048e+07 9.9944e-02
0.9888131  0.79250 1.8021e+07 9.9483e-02
0.9888794  0.79300 1.7993e+07 9.9024e-02
0.9889457  0.79350 1.7965e+07 9.8566e-02
0.9890116  0.79400 1.7938e+07 9.8110e-02
0.9890770  0.79450 1.7910e+07 9.7656e-02
0.9891424  0.79500 1.7882e+07 9.7202e-02
0.9892078  0.79550 1.7855e+07 9.6749e-02
0.9892732  0.79600 1.7827e+07 9.6295e-02
0.9893382  0.79650 1.7799e+07 9.5844e-02
0.9894024  0.79700 1.7771e+07 9.5398e-02
0.9894666  0.79750 1.7744e+07 9.4951e-02
0.9895308  0.79800 1.7716e+07 9.4504e-02
0.9895950  0.79850 1.7688e+07 9.4057e-02
0.9896592  0.79900 1.7660e+07 9.3610e-02
0.9897228  0.79950 1.7633e+07 9.3167e-02
0.9897860  0.80000 1.7605e+07 9.2726e-02
0.9898492  0.80050 1.7577e+07 9.2284e-02
0.9899120  0.80100 1.7549e+07 9.1845e-02
0.9899746  0.80150 1.7521e+07 9.1407e-02
0.9900372  0.80200 1.7493e+07 9.0969e-02
0.9900992  0.80250 1.7466e+07 9.0534e-02
0.9901612  0.80300 1.7438e+07 9.0100e-02
0.9902231  0.80350 1.7410e+07 8.9666e-02
0.9902845  0.80400 1.7382e+07 8.9235e-02
0.9903458  0.80450 1.7354e+07 8.8804e-02
0.9904071  0.80500 1.7326e+07 8.8373e-02
0.9904678  0.80550 1.7298e+07 8.7946e-02
0.9905284  0.80600 1.7270e+07 8.7518e-02
0.9905890  0.80650 1.7242e+07 8.7091e-02
0.9906491  0.80700 1.7214e+07 8.6667e-02
0.9907090  0.80750 1.7186e+07 8.6244e-02
0.9907690  0.80800 1.7158e+07 8.5820e-02
0.9908284  0.80850 1.7130e+07 8.5400e-02
0.9908877  0.80900 1.7102e+07 8.4980e-02
0.9909470  0.80950 1.7074e+07 8.4560e-02
0.9910058  0.81000 1.7046e+07 8.4143e-02
0.9910644  0.81050 1.7018e+07 8.3727e-02
0.9911230  0.81100 1.6990e+07 8.3311e-02
0.9911812  0.81150 1.6962e+07 8.2897e-02
0.9912391  0.81200 1.6934e+07 8.2485e-02
0.9912970  0.81250 1.6906e+07 8.2072e-02
0.9913546  0.81300 1.6878e+07 8.1661e-02
0.9914119  0.81350 1.6849e+07 8.1253e-02
0.9914691  0.81400 1.6821e+07 8.0844e-02
0.9915262  0.81450 1.6793e+07 8.0436e-02
0.9915827  0.81500 1.6765e+07 8.0031e-02
0.9916392  0.81550 1.6737e+07 7.9626e-02
0.9916957  0.81600 1.6709e+07 7.9222e-02
0.9917516  0.81650 1.6680e+07 7.8820e-02
0.9918074  0.81700 1.6652e+07 7.8419e-02
0.9918632  0.81750 1.6624e+07 7.8018e-02
0.9919185  0.81800 1.6596e+07 7.7620e-02
0.9919736  0.81850 1.6567e+07 7.7222e-02
0.9920287  0.81900 1.6539e+07 7.6825e-02
0.9920835  0.81950 1.6511e+07 7.6429e-02
0.9921379  0.82000 1.6482e+07 7.6036e-02
0.9921923  0.82050 1.6454e+07 7.5642e-02
0.9922467  0.82100 1.6426e+07 7.5249e-02
0.9923001  0.82150 1.6397e+07 7.4860e-02
0.9923536  0.82200 1.6369e+07 7.4472e-02
0.9924071  0.82250 1.6341e+07 7.4083e-02
0.9924605  0.82300 1.6312e+07 7.3694e-02
0.9925140  0.82350 1.6284e+07 7.3306e-02
0.9925664  0.82400 1.6255e+07 7.2923e-02
0.9926188  0.82450 1.6227e+07 7.2540e-02
0.9926712  0.82500 1.6198e+07 7.2157e-02
0.9927236  0.82550 1.6170e+07 7.1774e-02
0.9927760  0.82600 1.6141e+07 7.1391e-02
0.9928275  0.82650 1.6113e+07 7.1013e-02
0.9928787  0.82700 1.6084e+07 7.0636e-02
0.9929300  0.82750 1.6055e+07 7.0259e-02
0.9929813  0.82800 1.6027e+07 6.9882e-02
0.9930325  0.82850 1.5998e+07 6.9505e-02
0.9930832  0.82900 1.5970e+07 6.9131e-02
0.9931333  0.82950 1.5941e+07 6.8760e-02
0.9931835  0.83000 1.5912e+07 6.8389e-02
0.9932336  0.83050 1.5884e+07 6.8018e-02
0.9932837  0.83100 1.5855e+07 6.7647e-02
0.9933337  0.83150 1.5826e+07 6.7276e-02
0.9933827  0.83200 1.5797e+07 6.6911e-02
0.9934317  0.83250 1.5769e+07 6.6546e-02
0.9934807  0.83300 1.5740e+07 6.6181e-02
0.9935296  0.83350 1.5711e+07 6.5816e-02
0.9935786  0.83400 1.5682e+07 6.5451e-02
0.9936271  0.83450 1.5653e+07 6.5089e-02
0.9936752  0.83500 1.5624e+07 6.4728e-02
0.9937233  0.83550 1.5596e+07 6.4367e-02
0.9937709  0.83600 1.5567e+07 6.4009e-02
0.9938184  0.83650 1.5538e+07 6.3652e-02
0.9938659  0.83700 1.5509e+07 6.3294e-02
0.9939128  0.83750 1.5480e+07 6.2940e-02
0.9939598  0.83800 1.5451e+07 6.2585e-02
0.9940066  0.83850 1.5422e+07 6.2231e-02
0.9940529  0.83900 1.5393e+07 6.1880e-02
0.9940992  0.83950 1.5364e+07 6.1529e-02
0.9941454  0.84000 1.5335e+07 6.1178e-02
0.9941911  0.84050 1.5306e+07 6.0830e-02
0.9942368  0.84100 1.5277e+07 6.0482e-02
0.9942824  0.84150 1.5247e+07 6.0134e-02
0.9943275  0.84200 1.5218e+07 5.9789e-02
0.9943726  0.84250 1.5189e+07 5.9444e-02
0.9944175  0.84300 1.5160e+07 5.9100e-02
0.9944618  0.84350 1.5131e+07 5.8759e-02
0.9945061  0.84400 1.5101e+07 5.8418e-02
0.9945505  0.84450 1.5072e+07 5.8077e-02
0.9945948  0.84500 1.5043e+07 5.7736e-02
0.9946383  0.84550 1.5013e+07 5.7399e-02
0.9946817  0.84600 1.4984e+07 5.7062e-02
0.9947252  0.84650 1.4955e+07 5.6726e-02
0.9947686  0.84700 1.4925e+07 5.6389e-02
0.9948115  0.84750 1.4896e+07 5.6055e-02
0.9948541  0.84800 1.4866e+07 5.5723e-02
0.9948966  0.84850 1.4837e+07 5.5391e-02
0.9949392  0.84900 1.4807e+07 5.5059e-02
0.9949815  0.84950 1.4778e+07 5.4728e-02
0.9950232  0.85000 1.4748e+07 5.4401e-02
0.9950648  0.85050 1.4718e+07 5.4074e-02
0.9951065  0.85100 1.4689e+07 5.3746e-02
0.9951481  0.85150 1.4659e+07 5.3419e-02
0.9951891  0.85200 1.4629e+07 5.3095e-02
0.9952298  0.85250 1.4600e+07 5.2772e-02
0.9952705  0.85300 1.4570e+07 5.2449e-02
0.9953113  0.85350 1.4540e+07 5.2127e-02
0.9953519  0.85400 1.4510e+07 5.1805e-02
0.9953917  0.85450 1.4481e+07 5.1487e-02
0.9954315  0.85500 1.4451e+07 5.1169e-02
0.9954712  0.85550 1.4421e+07 5.0851e-02
0.9955110  0.85600 1.4391e+07 5.0533e-02
0.9955504  0.85650 1.4361e+07 5.0217e-02
0.9955893  0.85700 1.4331e+07 4.9904e-02
0.9956281  0.85750 1.4301e+07 4.9591e-02
0.9956669  0.85800 1.4271e+07 4.9278e-02
0.9957057  0.85850 1.4241e+07 4.8965e-02
0.9957440  0.85900 1.4211e+07 4.8655e-02
0.9957819  0.85950 1.4181e+07 4.8347e-02
0.9958197  0.86000 1.4151e+07 4.8039e-02
0.9958576  0.86050 1.4120e+07 4.7731e-02
0.9958954  0.86100 1.4090e+07 4.7423e-02
0.9959327  0.86150 1.4060e+07 4.7117e-02
0.9959697  0.86200 1.4030e+07 4.6814e-02
0.9960066  0.86250 1.3999e+07 4.6511e-02
0.9960435  0.86300 1.3969e+07 4.6207e-02
0.9960802  0.86350 1.3939e+07 4.5905e-02
0.9961163  0.86400 1.3908e+07 4.5606e-02
0.9961524  0.86450 1.3878e+07 4.5307e-02
0.9961884  0.86500 1.3847e+07 4.5008e-02
0.9962245  0.86550 1.3817e+07 4.4709e-02
0.9962598  0.86600 1.3786e+07 4.4414e-02
0.9962950  0.86650 1.3756e+07 4.4119e-02
0.9963302  0.86700 1.3725e+07 4.3824e-02
0.9963654  0.86750 1.3695e+07 4.3530e-02
0.9964003  0.86800 1.3664e+07 4.3237e-02
0.9964346  0.86850 1.3633e+07 4.2947e-02
0.9964689  0.86900 1.3602e+07 4.2657e-02
0.9965032  0.86950 1.3572e+07 4.2366e-02
0.9965376  0.87000 1.3541e+07 4.2076e-02
0.9965713  0.87050 1.3510e+07 4.1789e-02
0.9966050  0.87100 1.3479e+07 4.1502e-02
0.9966384  0.87150 1.3448e+07 4.1216e-02
0.9966716  0.87200 1.3417e+07 4.0932e-02
0.9967048  0.87250 1.3386e+07 4.0648e-02
0.9967375  0.87300 1.3355e+07 4.0366e-02
0.9967703  0.87350 1.3324e+07 4.0083e-02
0.9968027  0.87400 1.3293e+07 3.9803e-02
0.9968350  0.87450 1.3262e+07 3.9523e-02
0.9968671  0.87500 1.3231e+07 3.9244e-02
0.9968989  0.87550 1.3200e+07 3.8967e-02
0.9969307  0.87600 1.3168e+07 3.8689e-02
0.9969622  0.87650 1.3137e+07 3.8414e-02
0.9969935  0.87700 1.3106e+07 3.8139e-02
0.9970247  0.87750 1.3074e+07 3.7864e-02
0.9970556  0.87800 1.3043e+07 3.7592e-02
0.9970864  0.87850 1.3011e+07 3.7319e-02
0.9971170  0.87900 1.2980e+07 3.7048e-02
0.9971473  0.87950 1.2948e+07 3.6778e-02
0.9971777  0.88000 1.2916e+07 3.6508e-02
0.9972075  0.88050 1.2885e+07 3.6241e-02
0.9972374  0.88100 1.2853e+07 3.5974e-02
0.9972671  0.88150 1.2821e+07 3.5707e-02
0.9972964  0.88200 1.2790e+07 3.5442e-02
0.9973258  0.88250 1.2758e+07 3.5177e-02
0.9973548  0.88300 1.2726e+07 3.4914e-02
0.9973837  0.88350 1.2694e+07 3.4652e-02
0.9974125  0.88400 1.2662e+07 3.4390e-02
0.9974409  0.88450 1.2630e+07 3.4130e-02
0.9974693  0.88500 1.2598e+07 3.3870e-02
0.9974976  0.88550 1.2566e+07 3.3610e-02
0.9975254  0.88600 1.2534e+07 3.3354e-02
0.9975532  0.88650 1.2501e+07 3.3097e-02
0.9975809  0.88700 1.2469e+07 3.2840e-02
0.9976082  0.88750 1.2437e+07 3.2586e-02
0.9976355  0.88800 1.2404e+07 3.2332e-02
0.9976626  0.88850 1.2372e+07 3.2078e-02
0.9976894  0.88900 1.2339e+07 3.1827e-02
0.9977161  0.88950 1.2307e+07 3.1576e-02
0.9977427  0.89000 1.2274e+07 3.1325e-02
0.9977690  0.89050 1.2242e+07 3.1076e-02
0.9977952  0.89100 1.2209e+07 3.0827e-02
0.9978211  0.89150 1.2176e+07 3.0580e-02
0.9978470  0.89200 1.2144e+07 3.0333e-02
0.9978725  0.89250 1.2111e+07 3.0088e-02
0.9978979  0.89300 1.2078e+07 2.9844e-02
0.9979233  0.89350 1.2045e+07 2.9599e-02
0.9979482  0.89400 1.2012e+07 2.9357e-02
0.9979731  0.89450 1.1979e+07 2.9116e-02
0.9979980  0.89500 1.1946e+07 2.8874e-02
0.9980224  0.89550 1.1912e+07 2.8635e-02
0.9980467  0.89600 1.1879e+07 2.8396e-02
0.9980711  0.89650 1.1846e+07 2.8157e-02
0.9980949  0.89700 1.1813e+07 2.7921e-02
0.9981187  0.89750 1.1779e+07 2.7685e-02
0.9981425  0.89800 1.1746e+07 2.7449e-02
0.9981659  0.89850 1.1712e+07 2.7215e-02
0.9981892  0.89900 1.1679e+07 2.6982e-02
0.9982124  0.89950 1.1645e+07 2.6749e-02
0.9982354  0.90000 1.1611e+07 2.6517e-02
0.9982580  0.90050 1.1577e+07 2.6287e-02
0.9982807  0.90100 1.1544e+07 2.6057e-02
0.9983033  0.90150 1.1510e+07 2.5828e-02
0.9983254  0.90200 1.1476e+07 2.5601e-02
0.9983475  0.90250 1.1442e+07 2.5374e-02
0.9983696  0.90300 1.1408e+07 2.5146e-02
0.9983912  0.90350 1.1373e+07 2.4922e-02
0.9984127  0.90400 1.1339e+07 2.4698e-02
0.9984342  0.90450 1.1305e+07 2.4474e-02
0.9984555  0.90500 1.1271e+07 2.4252e-02
0.9984765  0.90550 1.1236e+07 2.4030e-02
0.9984975  0.90600 1.1202e+07 2.3809e-02
0.9985181  0.90650 1.1167e+07 2.3590e-02
0.9985387  0.90700 1.1132e+07 2.3371e-02
0.9985591  0.90750 1.1098e+07 2.3154e-02
0.9985793  0.90800 1.1063e+07 2.2937e-02
0.9985995  0.90850 1.1028e+07 2.2720e-02
0.9986193  0.90900 1.0993e+07 2.2506e-02
0.9986390  0.90950 1.0958e+07 2.2292e-02
0.9986586  0.91000 1.0923e+07 2.2078e-02
0.9986779  0.91050 1.0888e+07 2.1866e-02
0.9986972  0.91100 1.0853e+07 2.1654e-02
0.9987162  0.91150 1.0818e+07 2.1444e-02
0.9987351  0.91200 1.0782e+07 2.1235e-02
0.9987539  0.91250 1.0747e+07 2.1025e-02
0.9987724  0.91300 1.0711e+07 2.0818e-02
0.9987908  0.91350 1.0676e+07 2.0611e-02
0.9988091  0.91400 1.0640e+07 2.0405e-02
0.9988270  0.91450 1.0604e+07 2.0201e-02
0.9988450  0.91500 1.0568e+07 1.9996e-02
0.9988628  0.91550 1.0532e+07 1.9793e-02
0.9988803  0.91600 1.0496e+07 1.9591e-02
0.9988978  0.91650 1.0460e+07 1.9389e-02
0.9989150  0.91700 1.0424e+07 1.9189e-02
0.9989321  0.91750 1.0388e+07 1.8989e-02
0.9989492  0.91800 1.0351e+07 1.8790e-02
0.9989658  0.91850 1.0315e+07 1.8593e-02
0.9989825  0.91900 1.0278e+07 1.8396e-02
0.9989990  0.91950 1.0242e+07 1.8200e-02
0.9990152  0.92000 1.0205e+07 1.8005e-02
0.9990315  0.92050 1.0168e+07 1.7811e-02
0.9990474  0.92100 1.0131e+07 1.7618e-02
0.9990632  0.92150 1.0094e+07 1.7426e-02
0.9990790  0.92200 1.0057e+07 1.7233e-02
0.9990944  0.92250 1.0020e+07 1.7044e-02
0.9991098  0.92300 9.9823e+06 1.6854e-02
0.9991251  0.92350 9.9449e+06 1.6665e-02
0.9991401  0.92400 9.9072e+06 1.6477e-02
0.9991550  0.92450 9.8695e+06 1.6290e-02
0.9991698  0.92500 9.8317e+06 1.6104e-02
0.9991844  0.92550 9.7937e+06 1.5919e-02
0.9991988  0.92600 9.7557e+06 1.5735e-02
0.9992131  0.92650 9.7176e+06 1.5552e-02
0.9992273  0.92700 9.6793e+06 1.5369e-02
0.9992412  0.92750 9.6409e+06 1.5188e-02
0.9992551  0.92800 9.6025e+06 1.5007e-02
0.9992688  0.92850 9.5639e+06 1.4828e-02
0.9992823  0.92900 9.5252e+06 1.4649e-02
0.9992957  0.92950 9.4864e+06 1.4471e-02
0.9993089  0.93000 9.4474e+06 1.4294e-02
0.9993220  0.93050 9.4084e+06 1.4118e-02
0.9993350  0.93100 9.3692e+06 1.3943e-02
0.9993478  0.93150 9.3299e+06 1.3769e-02
0.9993604  0.93200 9.2904e+06 1.3596e-02
0.9993729  0.93250 9.2509e+06 1.3423e-02
0.9993852  0.93300 9.2110e+06 1.3252e-02
0.9993975  0.93350 9.1712e+06 1.3081e-02
0.9994095  0.93400 9.1312e+06 1.2912e-02
0.9994215  0.93450 9.0911e+06 1.2743e-02
0.9994333  0.93500 9.0508e+06 1.2575e-02
0.9994449  0.93550 9.0104e+06 1.2408e-02
0.9994564  0.93600 8.9698e+06 1.2242e-02
0.9994677  0.93650 8.9292e+06 1.2077e-02
0.9994790  0.93700 8.8884e+06 1.1913e-02
0.9994900  0.93750 8.8474e+06 1.1750e-02
0.9995010  0.93800 8.8064e+06 1.1588e-02
0.9995117  0.93850 8.7651e+06 1.1426e-02
0.9995224  0.93900 8.7237e+06 1.1266e-02
0.9995329  0.93950 8.6821e+06 1.1106e-02
0.9995433  0.94000 8.6405e+06 1.0947e-02
0.9995535  0.94050 8.5985e+06 1.0790e-02
0.9995636  0.94100 8.5565e+06 1.0633e-02
0.9995735  0.94150 8.5143e+06 1.0477e-02
0.9995834  0.94200 8.4719e+06 1.0322e-02
0.9995931  0.94250 8.4294e+06 1.0168e-02
0.9996026  0.94300 8.3866e+06 1.0015e-02
0.9996120  0.94350 8.3438e+06 9.8630e-03
0.9996213  0.94400 8.3007e+06 9.7119e-03
0.9996305  0.94450 8.2575e+06 9.5616e-03
0.9996395  0.94500 8.2141e+06 9.4120e-03
0.9996483  0.94550 8.1705e+06 9.2639e-03
0.9996571  0.94600 8.1268e+06 9.1162e-03
0.9996657  0.94650 8.0828e+06 8.9698e-03
0.9996742  0.94700 8.0386e+06 8.8242e-03
0.9996826  0.94750 7.9942e+06 8.6795e-03
0.9996908  0.94800 7.9495e+06 8.5357e-03
0.9996989  0.94850 7.9046e+06 8.3929e-03
0.9997069  0.94900 7.8595e+06 8.2509e-03
0.9997148  0.94950 7.8141e+06 8.1101e-03
0.9997225  0.95000 7.7685e+06 7.9702e-03
0.9997301  0.95050 7.7227e+06 7.8311e-03
0.9997376  0.95100 7.6766e+06 7.6930e-03
0.9997449  0.95150 7.6303e+06 7.5560e-03
0.9997521  0.95200 7.5838e+06 7.4198e-03
0.9997592  0.95250 7.5371e+06 7.2844e-03
0.9997662  0.95300 7.4900e+06 7.1504e-03
0.9997731  0.95350 7.4428e+06 7.0170e-03
0.9997798  0.95400 7.3953e+06 6.8845e-03
0.9997864  0.95450 7.3475e+06 6.7533e-03
0.9997929  0.95500 7.2995e+06 6.6229e-03
0.9997993  0.95550 7.2512e+06 6.4934e-03
0.9998055  0.95600 7.2026e+06 6.3649e-03
0.9998117  0.95650 7.1536e+06 6.2375e-03
0.9998177  0.95700 7.1045e+06 6.1110e-03
0.9998236  0.95750 7.0550e+06 5.9854e-03
0.9998294  0.95800 7.0052e+06 5.8610e-03
0.9998351  0.95850 6.9552e+06 5.7372e-03
0.9998406  0.95900 6.9048e+06 5.6146e-03
0.9998460  0.95950 6.8541e+06 5.4931e-03
0.9998514  0.96000 6.8030e+06 5.3725e-03
0.9998566  0.96050 6.7515e+06 5.2528e-03
0.9998617  0.96100 6.6996e+06 5.1342e-03
0.9998667  0.96150 6.6473e+06 5.0167e-03
0.9998716  0.96200 6.5947e+06 4.9001e-03
0.9998764  0.96250 6.5416e+06 4.7845e-03
0.9998810  0.96300 6.4882e+06 4.6700e-03
0.9998856  0.96350 6.4343e+06 4.5566e-03
0.9998900  0.96400 6.3801e+06 4.4439e-03
0.9998944  0.96450 6.3254e+06 4.3323e-03
0.9998986  0.96500 6.2703e+06 4.2219e-03
0.9999027  0.96550 6.2148e+06 4.1125e-03
0.9999068  0.96600 6.1588e+06 4.0041e-03
0.9999107  0.96650 6.1024e+06 3.8968e-03
0.9999145  0.96700 6.0456e+06 3.7905e-03
0.9999183  0.96750 5.9883e+06 3.6853e-03
0.9999219  0.96800 5.9307e+06 3.5811e-03
0.9999254  0.96850 5.8726e+06 3.4781e-03
0.9999288  0.96900 5.8141e+06 3.3761e-03
0.9999322  0.96950 5.7550e+06 3.2752e-03
0.9999354  0.97000 5.6955e+06 3.1755e-03
0.9999385  0.97050 5.6356e+06 3.0768e-03
0.9999416  0.97100 5.5752e+06 2.9794e-03
0.9999445  0.97150 5.5145e+06 2.8830e-03
0.9999474  0.97200 5.4532e+06 2.7878e-03
0.9999501  0.97250 5.3914e+06 2.6938e-03
0.9999528  0.97300 5.3291e+06 2.6009e-03
0.9999554  0.97350 5.2665e+06 2.5093e-03
0.9999578  0.97400 5.2035e+06 2.4189e-03
0.9999602  0.97450 5.1401e+06 2.3298e-03
0.9999626  0.97500 5.0763e+06 2.2419e-03
0.9999648  0.97550 5.0125e+06 2.1552e-03
0.9999669  0.97600 4.9486e+06 2.0700e-03
0.9999690  0.97650 4.8846e+06 1.9860e-03
0.9999710  0.97700 4.8205e+06 1.9035e-03
0.9999729  0.97750 4.7560e+06 1.8224e-03
0.9999747  0.97800 4.6914e+06 1.7428e-03
0.9999764  0.97850 4.6266e+06 1.6646e-03
0.9999781  0.97900 4.5623e+06 1.5879e-03
0.9999796  0.97950 4.4986e+06 1.5128e-03
0.9999812  0.98000 4.4348e+06 1.4394e-03
0.9999826  0.98050 4.3702e+06 1.3675e-03
0.9999840  0.98100 4.3051e+06 1.2973e-03
0.9999853  0.98150 4.2404e+06 1.2288e-03
0.9999865  0.98200 4.1761e+06 1.1620e-03
0.9999876  0.98250 4.1114e+06 1.0970e-03
0.9999887  0.98300 4.0447e+06 1.0338e-03
0.9999898  0.98350 3.9756e+06 9.7231e-04
0.9999907  0.98400 3.9047e+06 9.1255e-04
0.9999917  0.98450 3.8324e+06 8.5444e-04
0.9999925  0.98500 3.7570e+06 7.9809e-04
0.9999933  0.98550 3.6777e+06 7.4333e-04
0.9999940  0.98600 3.5946e+06 6.9016e-04
0.9999947  0.98650 3.5078e+06 6.3855e-04
0.9999954  0.98700 3.4166e+06 5.8847e-04
0.9999960  0.98750 3.3216e+06 5.3988e-04
0.9999965  0.98800 3.2240e+06 4.9282e-04
0.9999970  0.98850 3.1229e+06 4.4730e-04
0.9999974  0.98900 3.0180e+06 4.0336e-04
0.9999978  0.98950 2.9126e+06 3.6104e-04
0.9999982  0.99000 2.8071e+06 3.2053e-04
0.9999985  0.99050 2.7006e+06 2.8196e-04
0.9999988  0.99100 2.5964e+06 2.4550e-04
0.9999990  0.99150 2.4934e+06 2.1133e-04
0.9999992  0.99200 2.3924e+06 1.7965e-04
0.9999994  0.99250 2.2936e+06 1.5060e-04
0.9999995  0.99300 2.1963e+06 1.2430e-04
0.9999996  0.99350 2.1009e+06 1.0083e-04
0.9999997  0.99400 2.0045e+06 8.0202e-05
0.9999998  0.99450 1.9115e+06 6.2366e-05
0.9999999  0.99500 1.8164e+06 4.7280e-05
0.9999999  0.99550 1.7240e+06 3.4790e-05
0.9999999  0.99600 1.6329e+06 2.4748e-05
1.0000000  0.99650 1.5429e+06 1.6928e-05
1.0000000  0.99700 1.4551e+06 1.1065e-05
1.0000000  0.99750 1.3666e+06 6.8603e-06
1.0000000  0.99800 1.2777e+06 3.9929e-06
1.0000000  0.99850 1.1852e+06 2.1505e-06
1.0000000  0.99900 1.0831e+06 1.0503e-06
1.0000000  0.99950 9.5994e+05 4.5244e-07
1.0000000  1.00000 7.9194e+05 1.6410e-07
