# A new generation of Standard Solar Models
# arxiv:1611.09867 
#
# Sound speed and density of the AGSS09met model (units = cgs)
#
# Mass     Radius  Csound     Rho 
0.0000001  0.00050 5.0711e+07 1.4890e+02
0.0000002  0.00100 5.0711e+07 1.4890e+02
0.0000004  0.00150 5.0711e+07 1.4889e+02
0.0000008  0.00200 5.0711e+07 1.4887e+02
0.0000017  0.00250 5.0711e+07 1.4884e+02
0.0000029  0.00300 5.0712e+07 1.4881e+02
0.0000045  0.00350 5.0713e+07 1.4878e+02
0.0000068  0.00400 5.0713e+07 1.4874e+02
0.0000096  0.00450 5.0714e+07 1.4869e+02
0.0000132  0.00500 5.0715e+07 1.4864e+02
0.0000176  0.00550 5.0716e+07 1.4858e+02
0.0000228  0.00600 5.0718e+07 1.4852e+02
0.0000290  0.00650 5.0719e+07 1.4845e+02
0.0000362  0.00700 5.0720e+07 1.4838e+02
0.0000445  0.00750 5.0722e+07 1.4830e+02
0.0000540  0.00800 5.0724e+07 1.4821e+02
0.0000647  0.00850 5.0725e+07 1.4812e+02
0.0000768  0.00900 5.0727e+07 1.4803e+02
0.0000903  0.00950 5.0729e+07 1.4793e+02
0.0001052  0.01000 5.0731e+07 1.4782e+02
0.0001218  0.01050 5.0733e+07 1.4771e+02
0.0001400  0.01100 5.0736e+07 1.4760e+02
0.0001598  0.01150 5.0738e+07 1.4747e+02
0.0001815  0.01200 5.0741e+07 1.4735e+02
0.0002051  0.01250 5.0743e+07 1.4722e+02
0.0002305  0.01300 5.0746e+07 1.4708e+02
0.0002580  0.01350 5.0749e+07 1.4694e+02
0.0002876  0.01400 5.0751e+07 1.4679e+02
0.0003193  0.01450 5.0754e+07 1.4664e+02
0.0003533  0.01500 5.0757e+07 1.4648e+02
0.0003895  0.01550 5.0761e+07 1.4632e+02
0.0004282  0.01600 5.0764e+07 1.4615e+02
0.0004692  0.01650 5.0767e+07 1.4598e+02
0.0005128  0.01700 5.0770e+07 1.4580e+02
0.0005590  0.01750 5.0774e+07 1.4562e+02
0.0006078  0.01800 5.0777e+07 1.4543e+02
0.0006594  0.01850 5.0781e+07 1.4524e+02
0.0007138  0.01900 5.0785e+07 1.4505e+02
0.0007709  0.01950 5.0789e+07 1.4485e+02
0.0008310  0.02000 5.0792e+07 1.4464e+02
0.0008942  0.02050 5.0796e+07 1.4443e+02
0.0009604  0.02100 5.0800e+07 1.4422e+02
0.0010297  0.02150 5.0804e+07 1.4400e+02
0.0011022  0.02200 5.0809e+07 1.4378e+02
0.0011779  0.02250 5.0813e+07 1.4355e+02
0.0012570  0.02300 5.0817e+07 1.4332e+02
0.0013394  0.02350 5.0821e+07 1.4308e+02
0.0014253  0.02400 5.0826e+07 1.4284e+02
0.0015146  0.02450 5.0830e+07 1.4260e+02
0.0016076  0.02500 5.0835e+07 1.4235e+02
0.0017042  0.02550 5.0839e+07 1.4210e+02
0.0018044  0.02600 5.0844e+07 1.4184e+02
0.0019085  0.02650 5.0848e+07 1.4158e+02
0.0020163  0.02700 5.0853e+07 1.4132e+02
0.0021278  0.02750 5.0858e+07 1.4105e+02
0.0022435  0.02800 5.0863e+07 1.4078e+02
0.0023629  0.02850 5.0867e+07 1.4050e+02
0.0024864  0.02900 5.0872e+07 1.4022e+02
0.0026141  0.02950 5.0877e+07 1.3994e+02
0.0027461  0.03000 5.0882e+07 1.3965e+02
0.0028818  0.03050 5.0887e+07 1.3936e+02
0.0030222  0.03100 5.0892e+07 1.3907e+02
0.0031665  0.03150 5.0897e+07 1.3877e+02
0.0033154  0.03200 5.0902e+07 1.3847e+02
0.0034684  0.03250 5.0907e+07 1.3817e+02
0.0036260  0.03300 5.0912e+07 1.3786e+02
0.0037883  0.03350 5.0917e+07 1.3755e+02
0.0039550  0.03400 5.0922e+07 1.3724e+02
0.0041266  0.03450 5.0927e+07 1.3692e+02
0.0043023  0.03500 5.0932e+07 1.3660e+02
0.0044830  0.03550 5.0938e+07 1.3628e+02
0.0046683  0.03600 5.0943e+07 1.3595e+02
0.0048584  0.03650 5.0948e+07 1.3562e+02
0.0050525  0.03700 5.0953e+07 1.3529e+02
0.0052526  0.03750 5.0958e+07 1.3496e+02
0.0054575  0.03800 5.0964e+07 1.3462e+02
0.0056667  0.03850 5.0969e+07 1.3428e+02
0.0058814  0.03900 5.0974e+07 1.3394e+02
0.0061001  0.03950 5.0979e+07 1.3359e+02
0.0063245  0.04000 5.0984e+07 1.3325e+02
0.0065541  0.04050 5.0990e+07 1.3289e+02
0.0067887  0.04100 5.0995e+07 1.3254e+02
0.0070294  0.04150 5.1000e+07 1.3219e+02
0.0072744  0.04200 5.1005e+07 1.3183e+02
0.0075253  0.04250 5.1011e+07 1.3147e+02
0.0077798  0.04300 5.1016e+07 1.3111e+02
0.0080404  0.04350 5.1021e+07 1.3074e+02
0.0083071  0.04400 5.1026e+07 1.3038e+02
0.0085784  0.04450 5.1031e+07 1.3001e+02
0.0088555  0.04500 5.1036e+07 1.2964e+02
0.0091379  0.04550 5.1041e+07 1.2927e+02
0.0094248  0.04600 5.1046e+07 1.2889e+02
0.0097194  0.04650 5.1051e+07 1.2852e+02
0.0100170  0.04700 5.1055e+07 1.2814e+02
0.0103209  0.04750 5.1060e+07 1.2776e+02
0.0106315  0.04800 5.1065e+07 1.2738e+02
0.0109472  0.04850 5.1070e+07 1.2700e+02
0.0112667  0.04900 5.1074e+07 1.2662e+02
0.0115939  0.04950 5.1079e+07 1.2623e+02
0.0119276  0.05000 5.1083e+07 1.2585e+02
0.0122645  0.05050 5.1087e+07 1.2546e+02
0.0126079  0.05100 5.1092e+07 1.2507e+02
0.0129570  0.05150 5.1096e+07 1.2468e+02
0.0133112  0.05200 5.1100e+07 1.2429e+02
0.0136749  0.05250 5.1104e+07 1.2390e+02
0.0140394  0.05300 5.1108e+07 1.2350e+02
0.0144127  0.05350 5.1112e+07 1.2311e+02
0.0147887  0.05400 5.1116e+07 1.2271e+02
0.0151729  0.05450 5.1120e+07 1.2232e+02
0.0155645  0.05500 5.1123e+07 1.2192e+02
0.0159588  0.05550 5.1127e+07 1.2152e+02
0.0163607  0.05600 5.1130e+07 1.2112e+02
0.0167681  0.05650 5.1134e+07 1.2072e+02
0.0171825  0.05700 5.1137e+07 1.2032e+02
0.0176022  0.05750 5.1140e+07 1.1992e+02
0.0180262  0.05800 5.1143e+07 1.1952e+02
0.0184569  0.05850 5.1146e+07 1.1912e+02
0.0188940  0.05900 5.1149e+07 1.1871e+02
0.0193368  0.05950 5.1151e+07 1.1831e+02
0.0197862  0.06000 5.1154e+07 1.1790e+02
0.0202399  0.06050 5.1157e+07 1.1750e+02
0.0207015  0.06100 5.1159e+07 1.1709e+02
0.0211702  0.06150 5.1161e+07 1.1669e+02
0.0216409  0.06200 5.1163e+07 1.1628e+02
0.0221199  0.06250 5.1165e+07 1.1588e+02
0.0226051  0.06300 5.1167e+07 1.1547e+02
0.0230978  0.06350 5.1169e+07 1.1506e+02
0.0235945  0.06400 5.1171e+07 1.1466e+02
0.0240986  0.06450 5.1172e+07 1.1425e+02
0.0246061  0.06500 5.1174e+07 1.1384e+02
0.0251209  0.06550 5.1175e+07 1.1343e+02
0.0256425  0.06600 5.1176e+07 1.1303e+02
0.0261693  0.06650 5.1177e+07 1.1262e+02
0.0267029  0.06700 5.1178e+07 1.1221e+02
0.0272430  0.06750 5.1178e+07 1.1181e+02
0.0277885  0.06800 5.1179e+07 1.1140e+02
0.0283401  0.06850 5.1179e+07 1.1099e+02
0.0288969  0.06900 5.1180e+07 1.1058e+02
0.0294609  0.06950 5.1180e+07 1.1018e+02
0.0300302  0.07000 5.1180e+07 1.0977e+02
0.0306059  0.07050 5.1179e+07 1.0936e+02
0.0311880  0.07100 5.1179e+07 1.0896e+02
0.0317771  0.07150 5.1178e+07 1.0855e+02
0.0323704  0.07200 5.1178e+07 1.0815e+02
0.0329715  0.07250 5.1177e+07 1.0774e+02
0.0335760  0.07300 5.1176e+07 1.0733e+02
0.0341888  0.07350 5.1174e+07 1.0693e+02
0.0348063  0.07400 5.1173e+07 1.0653e+02
0.0354309  0.07450 5.1172e+07 1.0612e+02
0.0360601  0.07500 5.1170e+07 1.0572e+02
0.0366974  0.07550 5.1168e+07 1.0532e+02
0.0373389  0.07600 5.1166e+07 1.0491e+02
0.0379877  0.07650 5.1164e+07 1.0451e+02
0.0386420  0.07700 5.1161e+07 1.0411e+02
0.0393030  0.07750 5.1159e+07 1.0371e+02
0.0399680  0.07800 5.1156e+07 1.0331e+02
0.0406402  0.07850 5.1153e+07 1.0291e+02
0.0413188  0.07900 5.1150e+07 1.0251e+02
0.0420026  0.07950 5.1146e+07 1.0211e+02
0.0426939  0.08000 5.1143e+07 1.0171e+02
0.0433896  0.08050 5.1139e+07 1.0132e+02
0.0440927  0.08100 5.1135e+07 1.0092e+02
0.0447995  0.08150 5.1131e+07 1.0053e+02
0.0455133  0.08200 5.1127e+07 1.0013e+02
0.0462343  0.08250 5.1122e+07 9.9737e+01
0.0469608  0.08300 5.1118e+07 9.9344e+01
0.0476911  0.08350 5.1113e+07 9.8951e+01
0.0484285  0.08400 5.1108e+07 9.8559e+01
0.0491716  0.08450 5.1103e+07 9.8168e+01
0.0499230  0.08500 5.1097e+07 9.7779e+01
0.0506769  0.08550 5.1091e+07 9.7389e+01
0.0514374  0.08600 5.1086e+07 9.7001e+01
0.0522055  0.08650 5.1080e+07 9.6614e+01
0.0529778  0.08700 5.1073e+07 9.6227e+01
0.0537558  0.08750 5.1067e+07 9.5841e+01
0.0545397  0.08800 5.1060e+07 9.5456e+01
0.0553304  0.08850 5.1053e+07 9.5073e+01
0.0561271  0.08900 5.1046e+07 9.4690e+01
0.0569281  0.08950 5.1039e+07 9.4308e+01
0.0577344  0.09000 5.1032e+07 9.3927e+01
0.0585474  0.09050 5.1024e+07 9.3547e+01
0.0593681  0.09100 5.1016e+07 9.3168e+01
0.0601906  0.09150 5.1008e+07 9.2790e+01
0.0610209  0.09200 5.1000e+07 9.2413e+01
0.0618576  0.09250 5.0991e+07 9.2037e+01
0.0626980  0.09300 5.0983e+07 9.1662e+01
0.0635450  0.09350 5.0974e+07 9.1288e+01
0.0643984  0.09400 5.0965e+07 9.0915e+01
0.0652561  0.09450 5.0955e+07 9.0543e+01
0.0661199  0.09500 5.0946e+07 9.0172e+01
0.0669894  0.09550 5.0936e+07 8.9802e+01
0.0678649  0.09600 5.0926e+07 8.9434e+01
0.0687441  0.09650 5.0916e+07 8.9066e+01
0.0696311  0.09700 5.0906e+07 8.8699e+01
0.0705217  0.09750 5.0895e+07 8.8334e+01
0.0714183  0.09800 5.0885e+07 8.7969e+01
0.0723214  0.09850 5.0874e+07 8.7606e+01
0.0732287  0.09900 5.0862e+07 8.7244e+01
0.0741434  0.09950 5.0851e+07 8.6883e+01
0.0750611  0.10000 5.0840e+07 8.6522e+01
0.0759847  0.10050 5.0828e+07 8.6163e+01
0.0769143  0.10100 5.0816e+07 8.5806e+01
0.0778484  0.10150 5.0804e+07 8.5449e+01
0.0787887  0.10200 5.0791e+07 8.5093e+01
0.0797352  0.10250 5.0779e+07 8.4739e+01
0.0806853  0.10300 5.0766e+07 8.4385e+01
0.0816411  0.10350 5.0753e+07 8.4033e+01
0.0826019  0.10400 5.0740e+07 8.3682e+01
0.0835686  0.10450 5.0726e+07 8.3332e+01
0.0845396  0.10500 5.0713e+07 8.2983e+01
0.0855178  0.10550 5.0699e+07 8.2635e+01
0.0864990  0.10600 5.0685e+07 8.2289e+01
0.0874868  0.10650 5.0671e+07 8.1943e+01
0.0884783  0.10700 5.0656e+07 8.1599e+01
0.0894752  0.10750 5.0642e+07 8.1256e+01
0.0904790  0.10800 5.0627e+07 8.0914e+01
0.0914866  0.10850 5.0612e+07 8.0573e+01
0.0924985  0.10900 5.0597e+07 8.0233e+01
0.0935163  0.10950 5.0582e+07 7.9895e+01
0.0945384  0.11000 5.0566e+07 7.9557e+01
0.0955659  0.11050 5.0550e+07 7.9221e+01
0.0965996  0.11100 5.0534e+07 7.8886e+01
0.0976355  0.11150 5.0518e+07 7.8551e+01
0.0986780  0.11200 5.0502e+07 7.8219e+01
0.0997255  0.11250 5.0485e+07 7.7887e+01
0.1007774  0.11300 5.0468e+07 7.7556e+01
0.1018342  0.11350 5.0451e+07 7.7227e+01
0.1028971  0.11400 5.0434e+07 7.6899e+01
0.1039632  0.11450 5.0417e+07 7.6571e+01
0.1050345  0.11500 5.0399e+07 7.6245e+01
0.1061101  0.11550 5.0382e+07 7.5920e+01
0.1071924  0.11600 5.0364e+07 7.5597e+01
0.1082769  0.11650 5.0346e+07 7.5274e+01
0.1093674  0.11700 5.0327e+07 7.4953e+01
0.1104617  0.11750 5.0309e+07 7.4632e+01
0.1115615  0.11800 5.0290e+07 7.4313e+01
0.1126664  0.11850 5.0271e+07 7.3995e+01
0.1137748  0.11900 5.0252e+07 7.3678e+01
0.1148877  0.11950 5.0233e+07 7.3362e+01
0.1160054  0.12000 5.0214e+07 7.3048e+01
0.1171277  0.12050 5.0194e+07 7.2734e+01
0.1182550  0.12100 5.0174e+07 7.2422e+01
0.1193861  0.12150 5.0155e+07 7.2111e+01
0.1205230  0.12200 5.0134e+07 7.1801e+01
0.1216622  0.12250 5.0114e+07 7.1491e+01
0.1228076  0.12300 5.0094e+07 7.1183e+01
0.1239558  0.12350 5.0073e+07 7.0876e+01
0.1251094  0.12400 5.0052e+07 7.0570e+01
0.1262666  0.12450 5.0031e+07 7.0265e+01
0.1274289  0.12500 5.0010e+07 6.9962e+01
0.1285948  0.12550 4.9989e+07 6.9659e+01
0.1297653  0.12600 4.9967e+07 6.9357e+01
0.1309394  0.12650 4.9946e+07 6.9057e+01
0.1321186  0.12700 4.9924e+07 6.8758e+01
0.1333013  0.12750 4.9902e+07 6.8459e+01
0.1344889  0.12800 4.9880e+07 6.8163e+01
0.1356805  0.12850 4.9857e+07 6.7867e+01
0.1368752  0.12900 4.9835e+07 6.7572e+01
0.1380751  0.12950 4.9812e+07 6.7278e+01
0.1392788  0.13000 4.9789e+07 6.6985e+01
0.1404859  0.13050 4.9766e+07 6.6694e+01
0.1416980  0.13100 4.9743e+07 6.6403e+01
0.1429121  0.13150 4.9720e+07 6.6113e+01
0.1441315  0.13200 4.9696e+07 6.5825e+01
0.1453561  0.13250 4.9672e+07 6.5538e+01
0.1465821  0.13300 4.9649e+07 6.5251e+01
0.1478129  0.13350 4.9625e+07 6.4966e+01
0.1490478  0.13400 4.9600e+07 6.4682e+01
0.1502863  0.13450 4.9576e+07 6.4399e+01
0.1515293  0.13500 4.9552e+07 6.4117e+01
0.1527759  0.13550 4.9527e+07 6.3836e+01
0.1540253  0.13600 4.9502e+07 6.3556e+01
0.1552786  0.13650 4.9477e+07 6.3277e+01
0.1565359  0.13700 4.9452e+07 6.3000e+01
0.1577971  0.13750 4.9427e+07 6.2723e+01
0.1590621  0.13800 4.9402e+07 6.2447e+01
0.1603298  0.13850 4.9376e+07 6.2172e+01
0.1616019  0.13900 4.9351e+07 6.1899e+01
0.1628769  0.13950 4.9325e+07 6.1626e+01
0.1641564  0.14000 4.9299e+07 6.1355e+01
0.1654384  0.14050 4.9273e+07 6.1084e+01
0.1667237  0.14100 4.9247e+07 6.0814e+01
0.1680128  0.14150 4.9221e+07 6.0545e+01
0.1693055  0.14200 4.9194e+07 6.0278e+01
0.1706020  0.14250 4.9168e+07 6.0011e+01
0.1719005  0.14300 4.9141e+07 5.9745e+01
0.1732035  0.14350 4.9114e+07 5.9481e+01
0.1745095  0.14400 4.9087e+07 5.9217e+01
0.1758183  0.14450 4.9060e+07 5.8954e+01
0.1771310  0.14500 4.9033e+07 5.8693e+01
0.1784462  0.14550 4.9006e+07 5.8432e+01
0.1797653  0.14600 4.8978e+07 5.8172e+01
0.1810877  0.14650 4.8951e+07 5.7913e+01
0.1824123  0.14700 4.8923e+07 5.7655e+01
0.1837408  0.14750 4.8895e+07 5.7399e+01
0.1850717  0.14800 4.8867e+07 5.7142e+01
0.1864070  0.14850 4.8839e+07 5.6888e+01
0.1877435  0.14900 4.8811e+07 5.6633e+01
0.1890836  0.14950 4.8783e+07 5.6380e+01
0.1904280  0.15000 4.8755e+07 5.6128e+01
0.1917736  0.15050 4.8726e+07 5.5877e+01
0.1931232  0.15100 4.8698e+07 5.5627e+01
0.1944752  0.15150 4.8669e+07 5.5377e+01
0.1958297  0.15200 4.8640e+07 5.5129e+01
0.1971883  0.15250 4.8611e+07 5.4881e+01
0.1985478  0.15300 4.8582e+07 5.4635e+01
0.1999112  0.15350 4.8553e+07 5.4389e+01
0.2012778  0.15400 4.8524e+07 5.4144e+01
0.2026462  0.15450 4.8495e+07 5.3900e+01
0.2040173  0.15500 4.8465e+07 5.3657e+01
0.2053913  0.15550 4.8435e+07 5.3415e+01
0.2067679  0.15600 4.8406e+07 5.3174e+01
0.2081474  0.15650 4.8376e+07 5.2934e+01
0.2095295  0.15700 4.8346e+07 5.2694e+01
0.2109135  0.15750 4.8316e+07 5.2456e+01
0.2123001  0.15800 4.8286e+07 5.2218e+01
0.2136905  0.15850 4.8256e+07 5.1981e+01
0.2150811  0.15900 4.8226e+07 5.1745e+01
0.2164757  0.15950 4.8195e+07 5.1510e+01
0.2178726  0.16000 4.8165e+07 5.1276e+01
0.2192710  0.16050 4.8134e+07 5.1043e+01
0.2206728  0.16100 4.8103e+07 5.0811e+01
0.2220761  0.16150 4.8073e+07 5.0579e+01
0.2234820  0.16200 4.8042e+07 5.0348e+01
0.2248904  0.16250 4.8011e+07 5.0119e+01
0.2263015  0.16300 4.7980e+07 4.9890e+01
0.2277129  0.16350 4.7949e+07 4.9661e+01
0.2291279  0.16400 4.7917e+07 4.9434e+01
0.2305449  0.16450 4.7886e+07 4.9208e+01
0.2319638  0.16500 4.7855e+07 4.8982e+01
0.2333845  0.16550 4.7823e+07 4.8757e+01
0.2348079  0.16600 4.7792e+07 4.8534e+01
0.2362333  0.16650 4.7760e+07 4.8311e+01
0.2376600  0.16700 4.7728e+07 4.8088e+01
0.2390894  0.16750 4.7696e+07 4.7867e+01
0.2405203  0.16800 4.7665e+07 4.7646e+01
0.2419531  0.16850 4.7633e+07 4.7427e+01
0.2433877  0.16900 4.7601e+07 4.7208e+01
0.2448246  0.16950 4.7568e+07 4.6990e+01
0.2462632  0.17000 4.7536e+07 4.6773e+01
0.2477035  0.17050 4.7504e+07 4.6556e+01
0.2491454  0.17100 4.7472e+07 4.6340e+01
0.2505891  0.17150 4.7439e+07 4.6126e+01
0.2520348  0.17200 4.7407e+07 4.5912e+01
0.2534820  0.17250 4.7374e+07 4.5699e+01
0.2549307  0.17300 4.7341e+07 4.5486e+01
0.2563810  0.17350 4.7309e+07 4.5274e+01
0.2578332  0.17400 4.7276e+07 4.5064e+01
0.2592869  0.17450 4.7243e+07 4.4854e+01
0.2607420  0.17500 4.7210e+07 4.4645e+01
0.2621984  0.17550 4.7177e+07 4.4436e+01
0.2636570  0.17600 4.7144e+07 4.4229e+01
0.2651165  0.17650 4.7111e+07 4.4022e+01
0.2665775  0.17700 4.7078e+07 4.3816e+01
0.2680399  0.17750 4.7045e+07 4.3611e+01
0.2695036  0.17800 4.7012e+07 4.3406e+01
0.2709686  0.17850 4.6978e+07 4.3202e+01
0.2724351  0.17900 4.6945e+07 4.2999e+01
0.2739030  0.17950 4.6912e+07 4.2797e+01
0.2753721  0.18000 4.6878e+07 4.2596e+01
0.2768422  0.18050 4.6845e+07 4.2395e+01
0.2783138  0.18100 4.6811e+07 4.2196e+01
0.2797860  0.18150 4.6777e+07 4.1996e+01
0.2812601  0.18200 4.6744e+07 4.1798e+01
0.2827347  0.18250 4.6710e+07 4.1600e+01
0.2842109  0.18300 4.6676e+07 4.1404e+01
0.2856878  0.18350 4.6642e+07 4.1207e+01
0.2871658  0.18400 4.6609e+07 4.1012e+01
0.2886450  0.18450 4.6575e+07 4.0818e+01
0.2901247  0.18500 4.6541e+07 4.0623e+01
0.2916060  0.18550 4.6507e+07 4.0431e+01
0.2930877  0.18600 4.6473e+07 4.0238e+01
0.2945707  0.18650 4.6439e+07 4.0047e+01
0.2960543  0.18700 4.6405e+07 3.9856e+01
0.2975386  0.18750 4.6371e+07 3.9665e+01
0.2990242  0.18800 4.6336e+07 3.9476e+01
0.3005102  0.18850 4.6302e+07 3.9287e+01
0.3019970  0.18900 4.6268e+07 3.9099e+01
0.3034847  0.18950 4.6234e+07 3.8912e+01
0.3049729  0.19000 4.6200e+07 3.8725e+01
0.3064622  0.19050 4.6165e+07 3.8540e+01
0.3079515  0.19100 4.6131e+07 3.8354e+01
0.3094421  0.19150 4.6097e+07 3.8170e+01
0.3109327  0.19200 4.6062e+07 3.7986e+01
0.3124244  0.19250 4.6028e+07 3.7804e+01
0.3139162  0.19300 4.5993e+07 3.7621e+01
0.3154088  0.19350 4.5959e+07 3.7440e+01
0.3169017  0.19400 4.5924e+07 3.7259e+01
0.3183954  0.19450 4.5890e+07 3.7079e+01
0.3198894  0.19500 4.5855e+07 3.6900e+01
0.3213835  0.19550 4.5821e+07 3.6721e+01
0.3228783  0.19600 4.5786e+07 3.6543e+01
0.3243735  0.19650 4.5752e+07 3.6366e+01
0.3258687  0.19700 4.5717e+07 3.6189e+01
0.3273644  0.19750 4.5683e+07 3.6013e+01
0.3288603  0.19800 4.5648e+07 3.5838e+01
0.3303565  0.19850 4.5613e+07 3.5663e+01
0.3318530  0.19900 4.5579e+07 3.5489e+01
0.3333496  0.19950 4.5544e+07 3.5316e+01
0.3348466  0.20000 4.5509e+07 3.5144e+01
0.3363435  0.20050 4.5475e+07 3.4972e+01
0.3378406  0.20100 4.5440e+07 3.4800e+01
0.3393378  0.20150 4.5405e+07 3.4630e+01
0.3408351  0.20200 4.5371e+07 3.4460e+01
0.3423324  0.20250 4.5336e+07 3.4291e+01
0.3438298  0.20300 4.5301e+07 3.4123e+01
0.3453271  0.20350 4.5266e+07 3.3955e+01
0.3468244  0.20400 4.5232e+07 3.3788e+01
0.3483217  0.20450 4.5197e+07 3.3621e+01
0.3498189  0.20500 4.5162e+07 3.3455e+01
0.3513159  0.20550 4.5127e+07 3.3291e+01
0.3528129  0.20600 4.5093e+07 3.3126e+01
0.3543099  0.20650 4.5058e+07 3.2962e+01
0.3558063  0.20700 4.5023e+07 3.2799e+01
0.3573027  0.20750 4.4988e+07 3.2637e+01
0.3587992  0.20800 4.4954e+07 3.2474e+01
0.3602951  0.20850 4.4919e+07 3.2313e+01
0.3617908  0.20900 4.4884e+07 3.2153e+01
0.3632862  0.20950 4.4849e+07 3.1993e+01
0.3647812  0.21000 4.4815e+07 3.1834e+01
0.3662762  0.21050 4.4780e+07 3.1674e+01
0.3677701  0.21100 4.4745e+07 3.1517e+01
0.3692640  0.21150 4.4711e+07 3.1360e+01
0.3707579  0.21200 4.4676e+07 3.1203e+01
0.3722509  0.21250 4.4641e+07 3.1047e+01
0.3737433  0.21300 4.4607e+07 3.0892e+01
0.3752357  0.21350 4.4572e+07 3.0737e+01
0.3767277  0.21400 4.4537e+07 3.0582e+01
0.3782185  0.21450 4.4503e+07 3.0429e+01
0.3797093  0.21500 4.4468e+07 3.0276e+01
0.3811993  0.21550 4.4434e+07 3.0124e+01
0.3826884  0.21600 4.4399e+07 2.9973e+01
0.3841776  0.21650 4.4364e+07 2.9821e+01
0.3856652  0.21700 4.4330e+07 2.9671e+01
0.3871523  0.21750 4.4295e+07 2.9522e+01
0.3886394  0.21800 4.4260e+07 2.9373e+01
0.3901263  0.21850 4.4226e+07 2.9224e+01
0.3916107  0.21900 4.4191e+07 2.9076e+01
0.3930951  0.21950 4.4157e+07 2.8929e+01
0.3945795  0.22000 4.4122e+07 2.8782e+01
0.3960625  0.22050 4.4087e+07 2.8636e+01
0.3975434  0.22100 4.4053e+07 2.8492e+01
0.3990242  0.22150 4.4018e+07 2.8348e+01
0.4005051  0.22200 4.3984e+07 2.8203e+01
0.4019860  0.22250 4.3949e+07 2.8059e+01
0.4034655  0.22300 4.3914e+07 2.7915e+01
0.4049417  0.22350 4.3880e+07 2.7774e+01
0.4064178  0.22400 4.3845e+07 2.7633e+01
0.4078940  0.22450 4.3811e+07 2.7492e+01
0.4093702  0.22500 4.3776e+07 2.7350e+01
0.4108456  0.22550 4.3742e+07 2.7209e+01
0.4123174  0.22600 4.3707e+07 2.7071e+01
0.4137892  0.22650 4.3673e+07 2.6932e+01
0.4152609  0.22700 4.3638e+07 2.6793e+01
0.4167299  0.22750 4.3604e+07 2.6656e+01
0.4181979  0.22800 4.3569e+07 2.6519e+01
0.4196659  0.22850 4.3535e+07 2.6383e+01
0.4211327  0.22900 4.3500e+07 2.6247e+01
0.4225962  0.22950 4.3466e+07 2.6112e+01
0.4240598  0.23000 4.3432e+07 2.5978e+01
0.4255233  0.23050 4.3397e+07 2.5843e+01
0.4269867  0.23100 4.3363e+07 2.5709e+01
0.4284449  0.23150 4.3329e+07 2.5577e+01
0.4299032  0.23200 4.3294e+07 2.5445e+01
0.4313615  0.23250 4.3260e+07 2.5313e+01
0.4328198  0.23300 4.3226e+07 2.5181e+01
0.4342732  0.23350 4.3191e+07 2.5051e+01
0.4357254  0.23400 4.3157e+07 2.4922e+01
0.4371775  0.23450 4.3123e+07 2.4793e+01
0.4386297  0.23500 4.3089e+07 2.4664e+01
0.4400818  0.23550 4.3054e+07 2.4534e+01
0.4415293  0.23600 4.3020e+07 2.4407e+01
0.4429752  0.23650 4.2986e+07 2.4280e+01
0.4444210  0.23700 4.2952e+07 2.4153e+01
0.4458668  0.23750 4.2918e+07 2.4027e+01
0.4473078  0.23800 4.2884e+07 2.3902e+01
0.4487478  0.23850 4.2850e+07 2.3777e+01
0.4501878  0.23900 4.2816e+07 2.3653e+01
0.4516279  0.23950 4.2782e+07 2.3528e+01
0.4530616  0.24000 4.2748e+07 2.3406e+01
0.4544947  0.24050 4.2714e+07 2.3284e+01
0.4559279  0.24100 4.2680e+07 2.3162e+01
0.4573611  0.24150 4.2646e+07 2.3040e+01
0.4587943  0.24200 4.2612e+07 2.2917e+01
0.4602210  0.24250 4.2578e+07 2.2798e+01
0.4616471  0.24300 4.2544e+07 2.2678e+01
0.4630733  0.24350 4.2510e+07 2.2558e+01
0.4644974  0.24400 4.2477e+07 2.2439e+01
0.4659175  0.24450 4.2443e+07 2.2321e+01
0.4673376  0.24500 4.2409e+07 2.2203e+01
0.4687577  0.24550 4.2375e+07 2.2086e+01
0.4701730  0.24600 4.2342e+07 2.1969e+01
0.4715864  0.24650 4.2308e+07 2.1853e+01
0.4729999  0.24700 4.2274e+07 2.1738e+01
0.4744133  0.24750 4.2241e+07 2.1622e+01
0.4758220  0.24800 4.2207e+07 2.1508e+01
0.4772281  0.24850 4.2174e+07 2.1394e+01
0.4786342  0.24900 4.2140e+07 2.1281e+01
0.4800403  0.24950 4.2107e+07 2.1167e+01
0.4814425  0.25000 4.2073e+07 2.1054e+01
0.4828415  0.25050 4.2040e+07 2.0943e+01
0.4842406  0.25100 4.2007e+07 2.0831e+01
0.4856391  0.25150 4.1973e+07 2.0720e+01
0.4870315  0.25200 4.1940e+07 2.0610e+01
0.4884239  0.25250 4.1907e+07 2.0500e+01
0.4898163  0.25300 4.1873e+07 2.0390e+01
0.4912045  0.25350 4.1840e+07 2.0282e+01
0.4925896  0.25400 4.1807e+07 2.0174e+01
0.4939747  0.25450 4.1774e+07 2.0066e+01
0.4953598  0.25500 4.1741e+07 1.9958e+01
0.4967404  0.25550 4.1708e+07 1.9851e+01
0.4981174  0.25600 4.1675e+07 1.9746e+01
0.4994944  0.25650 4.1642e+07 1.9640e+01
0.5008715  0.25700 4.1608e+07 1.9534e+01
0.5022441  0.25750 4.1576e+07 1.9429e+01
0.5036124  0.25800 4.1543e+07 1.9325e+01
0.5049807  0.25850 4.1510e+07 1.9222e+01
0.5063490  0.25900 4.1477e+07 1.9118e+01
0.5077168  0.25950 4.1444e+07 1.9014e+01
0.5090737  0.26000 4.1411e+07 1.8913e+01
0.5104306  0.26050 4.1379e+07 1.8812e+01
0.5117875  0.26100 4.1346e+07 1.8711e+01
0.5131443  0.26150 4.1313e+07 1.8610e+01
0.5145012  0.26200 4.1281e+07 1.8509e+01
0.5158581  0.26250 4.1248e+07 1.8408e+01
0.5172069  0.26300 4.1216e+07 1.8309e+01
0.5185494  0.26350 4.1183e+07 1.8211e+01
0.5198918  0.26400 4.1151e+07 1.8113e+01
0.5212343  0.26450 4.1118e+07 1.8015e+01
0.5225767  0.26500 4.1086e+07 1.7917e+01
0.5239192  0.26550 4.1054e+07 1.7820e+01
0.5252616  0.26600 4.1021e+07 1.7722e+01
0.5265918  0.26650 4.0989e+07 1.7627e+01
0.5279178  0.26700 4.0957e+07 1.7532e+01
0.5292437  0.26750 4.0925e+07 1.7438e+01
0.5305697  0.26800 4.0893e+07 1.7343e+01
0.5318957  0.26850 4.0861e+07 1.7249e+01
0.5332217  0.26900 4.0829e+07 1.7154e+01
0.5345477  0.26950 4.0797e+07 1.7060e+01
0.5358737  0.27000 4.0765e+07 1.6966e+01
0.5371857  0.27050 4.0733e+07 1.6874e+01
0.5384950  0.27100 4.0701e+07 1.6783e+01
0.5398042  0.27150 4.0670e+07 1.6692e+01
0.5411135  0.27200 4.0638e+07 1.6600e+01
0.5424227  0.27250 4.0606e+07 1.6509e+01
0.5437319  0.27300 4.0575e+07 1.6418e+01
0.5450347  0.27350 4.0543e+07 1.6328e+01
0.5463261  0.27400 4.0512e+07 1.6240e+01
0.5476175  0.27450 4.0480e+07 1.6153e+01
0.5489089  0.27500 4.0449e+07 1.6065e+01
0.5502003  0.27550 4.0417e+07 1.5977e+01
0.5514917  0.27600 4.0386e+07 1.5889e+01
0.5527832  0.27650 4.0355e+07 1.5801e+01
0.5540746  0.27700 4.0323e+07 1.5714e+01
0.5553660  0.27750 4.0292e+07 1.5626e+01
0.5566444  0.27800 4.0261e+07 1.5540e+01
0.5579177  0.27850 4.0230e+07 1.5456e+01
0.5591909  0.27900 4.0199e+07 1.5371e+01
0.5604641  0.27950 4.0168e+07 1.5286e+01
0.5617374  0.28000 4.0137e+07 1.5202e+01
0.5630106  0.28050 4.0105e+07 1.5117e+01
0.5642719  0.28100 4.0075e+07 1.5034e+01
0.5655250  0.28150 4.0044e+07 1.4953e+01
0.5667782  0.28200 4.0013e+07 1.4872e+01
0.5680314  0.28250 3.9982e+07 1.4791e+01
0.5692845  0.28300 3.9952e+07 1.4710e+01
0.5705377  0.28350 3.9921e+07 1.4628e+01
0.5717908  0.28400 3.9890e+07 1.4547e+01
0.5730440  0.28450 3.9859e+07 1.4466e+01
0.5742972  0.28500 3.9829e+07 1.4385e+01
0.5755503  0.28550 3.9798e+07 1.4304e+01
0.5767963  0.28600 3.9767e+07 1.4223e+01
0.5780277  0.28650 3.9737e+07 1.4146e+01
0.5792592  0.28700 3.9707e+07 1.4068e+01
0.5804907  0.28750 3.9676e+07 1.3990e+01
0.5817221  0.28800 3.9646e+07 1.3912e+01
0.5829536  0.28850 3.9615e+07 1.3834e+01
0.5841850  0.28900 3.9585e+07 1.3757e+01
0.5854056  0.28950 3.9555e+07 1.3681e+01
0.5866223  0.29000 3.9525e+07 1.3605e+01
0.5878390  0.29050 3.9495e+07 1.3529e+01
0.5890556  0.29100 3.9465e+07 1.3454e+01
0.5902723  0.29150 3.9434e+07 1.3378e+01
0.5914733  0.29200 3.9405e+07 1.3305e+01
0.5926732  0.29250 3.9375e+07 1.3232e+01
0.5938731  0.29300 3.9345e+07 1.3159e+01
0.5950730  0.29350 3.9315e+07 1.3086e+01
0.5962729  0.29400 3.9285e+07 1.3013e+01
0.5974727  0.29450 3.9255e+07 1.2940e+01
0.5986726  0.29500 3.9226e+07 1.2867e+01
0.5998725  0.29550 3.9196e+07 1.2794e+01
0.6010570  0.29600 3.9166e+07 1.2723e+01
0.6022342  0.29650 3.9137e+07 1.2654e+01
0.6034114  0.29700 3.9107e+07 1.2584e+01
0.6045886  0.29750 3.9078e+07 1.2514e+01
0.6057658  0.29800 3.9048e+07 1.2444e+01
0.6069430  0.29850 3.9019e+07 1.2375e+01
0.6081202  0.29900 3.8989e+07 1.2305e+01
0.6092974  0.29950 3.8960e+07 1.2235e+01
0.6104746  0.30000 3.8930e+07 1.2165e+01
0.6116394  0.30050 3.8901e+07 1.2097e+01
0.6127965  0.30100 3.8872e+07 1.2030e+01
0.6139536  0.30150 3.8842e+07 1.1963e+01
0.6151107  0.30200 3.8813e+07 1.1896e+01
0.6162678  0.30250 3.8784e+07 1.1829e+01
0.6174249  0.30300 3.8755e+07 1.1762e+01
0.6185684  0.30350 3.8726e+07 1.1697e+01
0.6197058  0.30400 3.8697e+07 1.1633e+01
0.6208432  0.30450 3.8668e+07 1.1568e+01
0.6219805  0.30500 3.8639e+07 1.1504e+01
0.6231179  0.30550 3.8610e+07 1.1440e+01
0.6242553  0.30600 3.8581e+07 1.1375e+01
0.6253926  0.30650 3.8552e+07 1.1311e+01
0.6265300  0.30700 3.8523e+07 1.1247e+01
0.6276674  0.30750 3.8494e+07 1.1182e+01
0.6287918  0.30800 3.8466e+07 1.1119e+01
0.6299091  0.30850 3.8437e+07 1.1058e+01
0.6310264  0.30900 3.8409e+07 1.0996e+01
0.6321437  0.30950 3.8380e+07 1.0934e+01
0.6332610  0.31000 3.8351e+07 1.0872e+01
0.6343782  0.31050 3.8323e+07 1.0810e+01
0.6354819  0.31100 3.8294e+07 1.0750e+01
0.6365831  0.31150 3.8266e+07 1.0690e+01
0.6376843  0.31200 3.8238e+07 1.0630e+01
0.6387855  0.31250 3.8209e+07 1.0570e+01
0.6398867  0.31300 3.8181e+07 1.0511e+01
0.6409879  0.31350 3.8153e+07 1.0451e+01
0.6420769  0.31400 3.8124e+07 1.0392e+01
0.6431586  0.31450 3.8096e+07 1.0335e+01
0.6442402  0.31500 3.8068e+07 1.0277e+01
0.6453219  0.31550 3.8040e+07 1.0220e+01
0.6464035  0.31600 3.8012e+07 1.0162e+01
0.6474852  0.31650 3.7984e+07 1.0105e+01
0.6485668  0.31700 3.7956e+07 1.0047e+01
0.6496485  0.31750 3.7928e+07 9.9899e+00
0.6507260  0.31800 3.7900e+07 9.9329e+00
0.6517830  0.31850 3.7872e+07 9.8783e+00
0.6528399  0.31900 3.7845e+07 9.8237e+00
0.6538969  0.31950 3.7817e+07 9.7690e+00
0.6549538  0.32000 3.7789e+07 9.7144e+00
0.6560108  0.32050 3.7761e+07 9.6598e+00
0.6570677  0.32100 3.7734e+07 9.6052e+00
0.6581247  0.32150 3.7706e+07 9.5506e+00
0.6591816  0.32200 3.7678e+07 9.4960e+00
0.6602386  0.32250 3.7651e+07 9.4414e+00
0.6612938  0.32300 3.7623e+07 9.3869e+00
0.6623282  0.32350 3.7596e+07 9.3348e+00
0.6633626  0.32400 3.7568e+07 9.2826e+00
0.6643969  0.32450 3.7541e+07 9.2305e+00
0.6654313  0.32500 3.7514e+07 9.1783e+00
0.6664657  0.32550 3.7486e+07 9.1262e+00
0.6675001  0.32600 3.7459e+07 9.0740e+00
0.6685257  0.32650 3.7432e+07 9.0228e+00
0.6695403  0.32700 3.7405e+07 8.9728e+00
0.6705550  0.32750 3.7378e+07 8.9228e+00
0.6715697  0.32800 3.7351e+07 8.8728e+00
0.6725844  0.32850 3.7324e+07 8.8227e+00
0.6735990  0.32900 3.7297e+07 8.7727e+00
0.6746137  0.32950 3.7270e+07 8.7227e+00
0.6756284  0.33000 3.7243e+07 8.6727e+00
0.6766389  0.33050 3.7216e+07 8.6231e+00
0.6776310  0.33100 3.7189e+07 8.5754e+00
0.6786232  0.33150 3.7162e+07 8.5277e+00
0.6796153  0.33200 3.7136e+07 8.4801e+00
0.6806075  0.33250 3.7109e+07 8.4324e+00
0.6815997  0.33300 3.7082e+07 8.3847e+00
0.6825918  0.33350 3.7056e+07 8.3370e+00
0.6835840  0.33400 3.7029e+07 8.2894e+00
0.6845761  0.33450 3.7002e+07 8.2417e+00
0.6855607  0.33500 3.6976e+07 8.1948e+00
0.6865328  0.33550 3.6949e+07 8.1491e+00
0.6875049  0.33600 3.6923e+07 8.1034e+00
0.6884771  0.33650 3.6896e+07 8.0577e+00
0.6894492  0.33700 3.6870e+07 8.0120e+00
0.6904214  0.33750 3.6843e+07 7.9663e+00
0.6913923  0.33800 3.6817e+07 7.9207e+00
0.6923434  0.33850 3.6791e+07 7.8771e+00
0.6932946  0.33900 3.6765e+07 7.8335e+00
0.6942457  0.33950 3.6738e+07 7.7899e+00
0.6951969  0.34000 3.6712e+07 7.7463e+00
0.6961480  0.34050 3.6686e+07 7.7026e+00
0.6970992  0.34100 3.6660e+07 7.6590e+00
0.6980503  0.34150 3.6634e+07 7.6154e+00
0.6990015  0.34200 3.6607e+07 7.5718e+00
0.6999526  0.34250 3.6581e+07 7.5282e+00
0.7009023  0.34300 3.6555e+07 7.4847e+00
0.7018333  0.34350 3.6529e+07 7.4429e+00
0.7027643  0.34400 3.6503e+07 7.4012e+00
0.7036953  0.34450 3.6477e+07 7.3594e+00
0.7046264  0.34500 3.6452e+07 7.3176e+00
0.7055574  0.34550 3.6426e+07 7.2759e+00
0.7064775  0.34600 3.6400e+07 7.2351e+00
0.7073923  0.34650 3.6374e+07 7.1948e+00
0.7083072  0.34700 3.6348e+07 7.1546e+00
0.7092220  0.34750 3.6323e+07 7.1143e+00
0.7101369  0.34800 3.6297e+07 7.0740e+00
0.7110517  0.34850 3.6271e+07 7.0338e+00
0.7119666  0.34900 3.6246e+07 6.9935e+00
0.7128744  0.34950 3.6220e+07 6.9539e+00
0.7137690  0.35000 3.6195e+07 6.9154e+00
0.7146636  0.35050 3.6169e+07 6.8770e+00
0.7155582  0.35100 3.6144e+07 6.8385e+00
0.7164528  0.35150 3.6118e+07 6.8000e+00
0.7173474  0.35200 3.6093e+07 6.7616e+00
0.7182420  0.35250 3.6067e+07 6.7231e+00
0.7191366  0.35300 3.6042e+07 6.6847e+00
0.7200311  0.35350 3.6017e+07 6.6462e+00
0.7209133  0.35400 3.5991e+07 6.6088e+00
0.7217873  0.35450 3.5966e+07 6.5721e+00
0.7226613  0.35500 3.5941e+07 6.5354e+00
0.7235353  0.35550 3.5916e+07 6.4988e+00
0.7244093  0.35600 3.5891e+07 6.4621e+00
0.7252834  0.35650 3.5866e+07 6.4254e+00
0.7261574  0.35700 3.5840e+07 6.3887e+00
0.7270314  0.35750 3.5815e+07 6.3520e+00
0.7278890  0.35800 3.5790e+07 6.3167e+00
0.7287454  0.35850 3.5765e+07 6.2815e+00
0.7296018  0.35900 3.5741e+07 6.2462e+00
0.7304583  0.35950 3.5716e+07 6.2110e+00
0.7313147  0.36000 3.5691e+07 6.1758e+00
0.7321711  0.36050 3.5666e+07 6.1406e+00
0.7330190  0.36100 3.5641e+07 6.1060e+00
0.7338547  0.36150 3.5616e+07 6.0725e+00
0.7346905  0.36200 3.5592e+07 6.0390e+00
0.7355262  0.36250 3.5567e+07 6.0055e+00
0.7363619  0.36300 3.5542e+07 5.9720e+00
0.7371976  0.36350 3.5518e+07 5.9385e+00
0.7380334  0.36400 3.5493e+07 5.9050e+00
0.7388691  0.36450 3.5468e+07 5.8715e+00
0.7397048  0.36500 3.5444e+07 5.8380e+00
0.7405406  0.36550 3.5419e+07 5.8045e+00
0.7413763  0.36600 3.5395e+07 5.7710e+00
0.7421979  0.36650 3.5370e+07 5.7386e+00
0.7430139  0.36700 3.5346e+07 5.7066e+00
0.7438300  0.36750 3.5321e+07 5.6746e+00
0.7446460  0.36800 3.5297e+07 5.6426e+00
0.7454620  0.36850 3.5273e+07 5.6106e+00
0.7462742  0.36900 3.5248e+07 5.5789e+00
0.7470740  0.36950 3.5224e+07 5.5482e+00
0.7478738  0.37000 3.5200e+07 5.5175e+00
0.7486736  0.37050 3.5176e+07 5.4867e+00
0.7494734  0.37100 3.5152e+07 5.4560e+00
0.7502732  0.37150 3.5128e+07 5.4253e+00
0.7510730  0.37200 3.5104e+07 5.3946e+00
0.7518728  0.37250 3.5079e+07 5.3638e+00
0.7526726  0.37300 3.5055e+07 5.3331e+00
0.7534589  0.37350 3.5031e+07 5.3034e+00
0.7542430  0.37400 3.5007e+07 5.2738e+00
0.7550272  0.37450 3.4983e+07 5.2443e+00
0.7558113  0.37500 3.4960e+07 5.2147e+00
0.7565954  0.37550 3.4936e+07 5.1851e+00
0.7573673  0.37600 3.4912e+07 5.1565e+00
0.7581384  0.37650 3.4888e+07 5.1278e+00
0.7589096  0.37700 3.4864e+07 5.0992e+00
0.7596807  0.37750 3.4841e+07 5.0706e+00
0.7604518  0.37800 3.4817e+07 5.0420e+00
0.7612229  0.37850 3.4793e+07 5.0134e+00
0.7619848  0.37900 3.4770e+07 4.9855e+00
0.7627376  0.37950 3.4746e+07 4.9582e+00
0.7634904  0.38000 3.4723e+07 4.9309e+00
0.7642432  0.38050 3.4699e+07 4.9037e+00
0.7649959  0.38100 3.4676e+07 4.8764e+00
0.7657487  0.38150 3.4652e+07 4.8491e+00
0.7665015  0.38200 3.4629e+07 4.8218e+00
0.7672542  0.38250 3.4605e+07 4.7946e+00
0.7680070  0.38300 3.4582e+07 4.7673e+00
0.7687598  0.38350 3.4558e+07 4.7400e+00
0.7695025  0.38400 3.4535e+07 4.7134e+00
0.7702387  0.38450 3.4512e+07 4.6873e+00
0.7709748  0.38500 3.4488e+07 4.6612e+00
0.7717109  0.38550 3.4465e+07 4.6350e+00
0.7724471  0.38600 3.4442e+07 4.6089e+00
0.7731724  0.38650 3.4419e+07 4.5835e+00
0.7738947  0.38700 3.4396e+07 4.5583e+00
0.7746171  0.38750 3.4373e+07 4.5331e+00
0.7753394  0.38800 3.4350e+07 4.5079e+00
0.7760618  0.38850 3.4327e+07 4.4827e+00
0.7767841  0.38900 3.4304e+07 4.4576e+00
0.7775064  0.38950 3.4281e+07 4.4324e+00
0.7782288  0.39000 3.4258e+07 4.4072e+00
0.7789348  0.39050 3.4235e+07 4.3831e+00
0.7796394  0.39100 3.4212e+07 4.3591e+00
0.7803441  0.39150 3.4189e+07 4.3351e+00
0.7810488  0.39200 3.4166e+07 4.3111e+00
0.7817534  0.39250 3.4143e+07 4.2871e+00
0.7824581  0.39300 3.4121e+07 4.2630e+00
0.7831628  0.39350 3.4098e+07 4.2390e+00
0.7838674  0.39400 3.4075e+07 4.2150e+00
0.7845665  0.39450 3.4052e+07 4.1914e+00
0.7852560  0.39500 3.4030e+07 4.1683e+00
0.7859455  0.39550 3.4007e+07 4.1453e+00
0.7866350  0.39600 3.3984e+07 4.1223e+00
0.7873245  0.39650 3.3962e+07 4.0992e+00
0.7880140  0.39700 3.3939e+07 4.0762e+00
0.7886947  0.39750 3.3917e+07 4.0537e+00
0.7893717  0.39800 3.3894e+07 4.0314e+00
0.7900488  0.39850 3.3872e+07 4.0092e+00
0.7907258  0.39900 3.3849e+07 3.9869e+00
0.7914029  0.39950 3.3827e+07 3.9647e+00
0.7920800  0.40000 3.3804e+07 3.9424e+00
0.7927504  0.40050 3.3782e+07 3.9206e+00
0.7934118  0.40100 3.3760e+07 3.8993e+00
0.7940732  0.40150 3.3738e+07 3.8781e+00
0.7947346  0.40200 3.3715e+07 3.8568e+00
0.7953960  0.40250 3.3693e+07 3.8355e+00
0.7960574  0.40300 3.3671e+07 3.8142e+00
0.7967189  0.40350 3.3649e+07 3.7930e+00
0.7973803  0.40400 3.3626e+07 3.7717e+00
0.7980417  0.40450 3.3604e+07 3.7504e+00
0.7986975  0.40500 3.3582e+07 3.7295e+00
0.7993405  0.40550 3.3560e+07 3.7093e+00
0.7999835  0.40600 3.3538e+07 3.6892e+00
0.8006265  0.40650 3.3516e+07 3.6690e+00
0.8012695  0.40700 3.3494e+07 3.6488e+00
0.8019125  0.40750 3.3472e+07 3.6287e+00
0.8025555  0.40800 3.3450e+07 3.6085e+00
0.8031985  0.40850 3.3428e+07 3.5883e+00
0.8038415  0.40900 3.3406e+07 3.5682e+00
0.8044835  0.40950 3.3384e+07 3.5481e+00
0.8051101  0.41000 3.3362e+07 3.5289e+00
0.8057368  0.41050 3.3340e+07 3.5097e+00
0.8063635  0.41100 3.3319e+07 3.4904e+00
0.8069901  0.41150 3.3297e+07 3.4712e+00
0.8076168  0.41200 3.3275e+07 3.4520e+00
0.8082434  0.41250 3.3253e+07 3.4328e+00
0.8088701  0.41300 3.3232e+07 3.4136e+00
0.8094883  0.41350 3.3210e+07 3.3948e+00
0.8101030  0.41400 3.3188e+07 3.3763e+00
0.8107177  0.41450 3.3167e+07 3.3578e+00
0.8113324  0.41500 3.3145e+07 3.3392e+00
0.8119471  0.41550 3.3123e+07 3.3207e+00
0.8125535  0.41600 3.3102e+07 3.3026e+00
0.8131566  0.41650 3.3080e+07 3.2847e+00
0.8137596  0.41700 3.3059e+07 3.2669e+00
0.8143627  0.41750 3.3038e+07 3.2490e+00
0.8149657  0.41800 3.3016e+07 3.2311e+00
0.8155687  0.41850 3.2995e+07 3.2132e+00
0.8161718  0.41900 3.2973e+07 3.1953e+00
0.8167703  0.41950 3.2952e+07 3.1777e+00
0.8173572  0.42000 3.2931e+07 3.1607e+00
0.8179440  0.42050 3.2909e+07 3.1437e+00
0.8185309  0.42100 3.2888e+07 3.1267e+00
0.8191178  0.42150 3.2867e+07 3.1098e+00
0.8197047  0.42200 3.2846e+07 3.0928e+00
0.8202915  0.42250 3.2824e+07 3.0758e+00
0.8208784  0.42300 3.2803e+07 3.0588e+00
0.8214653  0.42350 3.2782e+07 3.0418e+00
0.8220522  0.42400 3.2761e+07 3.0248e+00
0.8226372  0.42450 3.2739e+07 3.0079e+00
0.8232107  0.42500 3.2718e+07 2.9916e+00
0.8237841  0.42550 3.2697e+07 2.9754e+00
0.8243576  0.42600 3.2676e+07 2.9591e+00
0.8249310  0.42650 3.2655e+07 2.9428e+00
0.8254978  0.42700 3.2634e+07 2.9269e+00
0.8260613  0.42750 3.2613e+07 2.9111e+00
0.8266248  0.42800 3.2593e+07 2.8953e+00
0.8271882  0.42850 3.2572e+07 2.8796e+00
0.8277517  0.42900 3.2551e+07 2.8638e+00
0.8283152  0.42950 3.2530e+07 2.8481e+00
0.8288787  0.43000 3.2509e+07 2.8323e+00
0.8294291  0.43050 3.2488e+07 2.8172e+00
0.8299772  0.43100 3.2468e+07 2.8022e+00
0.8305254  0.43150 3.2447e+07 2.7873e+00
0.8310735  0.43200 3.2426e+07 2.7723e+00
0.8316217  0.43250 3.2405e+07 2.7573e+00
0.8321698  0.43300 3.2385e+07 2.7424e+00
0.8327180  0.43350 3.2364e+07 2.7274e+00
0.8332662  0.43400 3.2343e+07 2.7125e+00
0.8338143  0.43450 3.2323e+07 2.6975e+00
0.8343625  0.43500 3.2302e+07 2.6825e+00
0.8349106  0.43550 3.2281e+07 2.6676e+00
0.8354426  0.43600 3.2261e+07 2.6534e+00
0.8359726  0.43650 3.2240e+07 2.6393e+00
0.8365025  0.43700 3.2220e+07 2.6253e+00
0.8370325  0.43750 3.2199e+07 2.6112e+00
0.8375624  0.43800 3.2179e+07 2.5971e+00
0.8380924  0.43850 3.2159e+07 2.5831e+00
0.8386223  0.43900 3.2138e+07 2.5690e+00
0.8391523  0.43950 3.2118e+07 2.5549e+00
0.8396822  0.44000 3.2097e+07 2.5409e+00
0.8402122  0.44050 3.2077e+07 2.5268e+00
0.8407360  0.44100 3.2057e+07 2.5130e+00
0.8412499  0.44150 3.2036e+07 2.4997e+00
0.8417638  0.44200 3.2016e+07 2.4864e+00
0.8422777  0.44250 3.1996e+07 2.4731e+00
0.8427916  0.44300 3.1976e+07 2.4598e+00
0.8433055  0.44350 3.1956e+07 2.4465e+00
0.8438194  0.44400 3.1935e+07 2.4332e+00
0.8443333  0.44450 3.1915e+07 2.4199e+00
0.8448472  0.44500 3.1895e+07 2.4067e+00
0.8453560  0.44550 3.1875e+07 2.3936e+00
0.8458580  0.44600 3.1855e+07 2.3808e+00
0.8463600  0.44650 3.1835e+07 2.3681e+00
0.8468620  0.44700 3.1815e+07 2.3554e+00
0.8473639  0.44750 3.1795e+07 2.3426e+00
0.8478659  0.44800 3.1775e+07 2.3299e+00
0.8483616  0.44850 3.1755e+07 2.3174e+00
0.8488537  0.44900 3.1735e+07 2.3051e+00
0.8493457  0.44950 3.1715e+07 2.2928e+00
0.8498378  0.45000 3.1695e+07 2.2805e+00
0.8503298  0.45050 3.1675e+07 2.2683e+00
0.8508219  0.45100 3.1655e+07 2.2560e+00
0.8513139  0.45150 3.1635e+07 2.2437e+00
0.8517967  0.45200 3.1616e+07 2.2318e+00
0.8522761  0.45250 3.1596e+07 2.2201e+00
0.8527556  0.45300 3.1576e+07 2.2084e+00
0.8532351  0.45350 3.1556e+07 2.1967e+00
0.8537146  0.45400 3.1537e+07 2.1850e+00
0.8541941  0.45450 3.1517e+07 2.1732e+00
0.8546735  0.45500 3.1497e+07 2.1615e+00
0.8551530  0.45550 3.1478e+07 2.1498e+00
0.8556325  0.45600 3.1458e+07 2.1381e+00
0.8561098  0.45650 3.1438e+07 2.1265e+00
0.8565741  0.45700 3.1419e+07 2.1154e+00
0.8570385  0.45750 3.1399e+07 2.1044e+00
0.8575029  0.45800 3.1380e+07 2.0933e+00
0.8579673  0.45850 3.1360e+07 2.0823e+00
0.8584316  0.45900 3.1341e+07 2.0712e+00
0.8588960  0.45950 3.1321e+07 2.0601e+00
0.8593604  0.46000 3.1301e+07 2.0491e+00
0.8598247  0.46050 3.1282e+07 2.0380e+00
0.8602891  0.46100 3.1262e+07 2.0270e+00
0.8607535  0.46150 3.1243e+07 2.0159e+00
0.8612113  0.46200 3.1223e+07 2.0052e+00
0.8616613  0.46250 3.1204e+07 1.9947e+00
0.8621113  0.46300 3.1185e+07 1.9843e+00
0.8625613  0.46350 3.1165e+07 1.9738e+00
0.8630114  0.46400 3.1146e+07 1.9634e+00
0.8634614  0.46450 3.1127e+07 1.9529e+00
0.8639114  0.46500 3.1108e+07 1.9425e+00
0.8643614  0.46550 3.1088e+07 1.9320e+00
0.8648114  0.46600 3.1069e+07 1.9216e+00
0.8652572  0.46650 3.1050e+07 1.9113e+00
0.8656963  0.46700 3.1030e+07 1.9013e+00
0.8661355  0.46750 3.1011e+07 1.8913e+00
0.8665746  0.46800 3.0992e+07 1.8813e+00
0.8670138  0.46850 3.0973e+07 1.8713e+00
0.8674529  0.46900 3.0954e+07 1.8613e+00
0.8678909  0.46950 3.0935e+07 1.8513e+00
0.8683219  0.47000 3.0916e+07 1.8417e+00
0.8687530  0.47050 3.0896e+07 1.8320e+00
0.8691841  0.47100 3.0877e+07 1.8223e+00
0.8696151  0.47150 3.0858e+07 1.8127e+00
0.8700462  0.47200 3.0839e+07 1.8030e+00
0.8704719  0.47250 3.0820e+07 1.7935e+00
0.8708952  0.47300 3.0801e+07 1.7842e+00
0.8713185  0.47350 3.0782e+07 1.7748e+00
0.8717417  0.47400 3.0763e+07 1.7654e+00
0.8721650  0.47450 3.0744e+07 1.7561e+00
0.8725883  0.47500 3.0725e+07 1.7467e+00
0.8730046  0.47550 3.0707e+07 1.7376e+00
0.8734175  0.47600 3.0688e+07 1.7287e+00
0.8738304  0.47650 3.0669e+07 1.7197e+00
0.8742433  0.47700 3.0650e+07 1.7108e+00
0.8746562  0.47750 3.0631e+07 1.7018e+00
0.8750691  0.47800 3.0613e+07 1.6929e+00
0.8754820  0.47850 3.0594e+07 1.6839e+00
0.8758949  0.47900 3.0575e+07 1.6750e+00
0.8763078  0.47950 3.0556e+07 1.6660e+00
0.8767207  0.48000 3.0537e+07 1.6571e+00
0.8771234  0.48050 3.0519e+07 1.6485e+00
0.8775246  0.48100 3.0500e+07 1.6400e+00
0.8779257  0.48150 3.0481e+07 1.6315e+00
0.8783269  0.48200 3.0463e+07 1.6230e+00
0.8787280  0.48250 3.0444e+07 1.6145e+00
0.8791292  0.48300 3.0425e+07 1.6060e+00
0.8795304  0.48350 3.0407e+07 1.5975e+00
0.8799315  0.48400 3.0388e+07 1.5890e+00
0.8803260  0.48450 3.0369e+07 1.5808e+00
0.8807151  0.48500 3.0351e+07 1.5727e+00
0.8811043  0.48550 3.0332e+07 1.5647e+00
0.8814935  0.48600 3.0314e+07 1.5566e+00
0.8818827  0.48650 3.0295e+07 1.5486e+00
0.8822719  0.48700 3.0277e+07 1.5405e+00
0.8826611  0.48750 3.0258e+07 1.5325e+00
0.8830503  0.48800 3.0240e+07 1.5244e+00
0.8834395  0.48850 3.0221e+07 1.5164e+00
0.8838287  0.48900 3.0203e+07 1.5083e+00
0.8842179  0.48950 3.0184e+07 1.5002e+00
0.8846004  0.49000 3.0166e+07 1.4924e+00
0.8849795  0.49050 3.0148e+07 1.4847e+00
0.8853586  0.49100 3.0129e+07 1.4771e+00
0.8857376  0.49150 3.0111e+07 1.4694e+00
0.8861167  0.49200 3.0093e+07 1.4617e+00
0.8864943  0.49250 3.0074e+07 1.4540e+00
0.8868635  0.49300 3.0056e+07 1.4467e+00
0.8872328  0.49350 3.0038e+07 1.4394e+00
0.8876020  0.49400 3.0019e+07 1.4320e+00
0.8879712  0.49450 3.0001e+07 1.4247e+00
0.8883404  0.49500 2.9983e+07 1.4174e+00
0.8887096  0.49550 2.9965e+07 1.4100e+00
0.8890788  0.49600 2.9947e+07 1.4027e+00
0.8894480  0.49650 2.9928e+07 1.3954e+00
0.8898173  0.49700 2.9910e+07 1.3880e+00
0.8901865  0.49750 2.9892e+07 1.3807e+00
0.8905557  0.49800 2.9874e+07 1.3734e+00
0.8909157  0.49850 2.9855e+07 1.3664e+00
0.8912736  0.49900 2.9837e+07 1.3594e+00
0.8916316  0.49950 2.9819e+07 1.3525e+00
0.8919896  0.50000 2.9801e+07 1.3455e+00
0.8923476  0.50050 2.9783e+07 1.3386e+00
0.8927056  0.50100 2.9765e+07 1.3316e+00
0.8930636  0.50150 2.9747e+07 1.3247e+00
0.8934215  0.50200 2.9729e+07 1.3177e+00
0.8937736  0.50250 2.9711e+07 1.3110e+00
0.8941241  0.50300 2.9693e+07 1.3043e+00
0.8944746  0.50350 2.9675e+07 1.2976e+00
0.8948251  0.50400 2.9657e+07 1.2909e+00
0.8951756  0.50450 2.9639e+07 1.2842e+00
0.8955222  0.50500 2.9621e+07 1.2777e+00
0.8958661  0.50550 2.9603e+07 1.2712e+00
0.8962100  0.50600 2.9585e+07 1.2647e+00
0.8965539  0.50650 2.9567e+07 1.2582e+00
0.8968978  0.50700 2.9550e+07 1.2518e+00
0.8972417  0.50750 2.9532e+07 1.2453e+00
0.8975856  0.50800 2.9514e+07 1.2388e+00
0.8979229  0.50850 2.9496e+07 1.2326e+00
0.8982580  0.50900 2.9478e+07 1.2264e+00
0.8985930  0.50950 2.9460e+07 1.2202e+00
0.8989280  0.51000 2.9443e+07 1.2140e+00
0.8992630  0.51050 2.9425e+07 1.2078e+00
0.8995980  0.51100 2.9407e+07 1.2017e+00
0.8999331  0.51150 2.9389e+07 1.1955e+00
0.9002681  0.51200 2.9371e+07 1.1893e+00
0.9006031  0.51250 2.9354e+07 1.1831e+00
0.9009381  0.51300 2.9336e+07 1.1769e+00
0.9012645  0.51350 2.9318e+07 1.1710e+00
0.9015902  0.51400 2.9301e+07 1.1652e+00
0.9019160  0.51450 2.9283e+07 1.1593e+00
0.9022417  0.51500 2.9265e+07 1.1534e+00
0.9025674  0.51550 2.9248e+07 1.1475e+00
0.9028932  0.51600 2.9230e+07 1.1416e+00
0.9032189  0.51650 2.9212e+07 1.1357e+00
0.9035443  0.51700 2.9194e+07 1.1299e+00
0.9038632  0.51750 2.9177e+07 1.1242e+00
0.9041820  0.51800 2.9159e+07 1.1185e+00
0.9045009  0.51850 2.9142e+07 1.1129e+00
0.9048197  0.51900 2.9124e+07 1.1072e+00
0.9051386  0.51950 2.9107e+07 1.1015e+00
0.9054542  0.52000 2.9089e+07 1.0960e+00
0.9057662  0.52050 2.9072e+07 1.0905e+00
0.9060782  0.52100 2.9054e+07 1.0850e+00
0.9063902  0.52150 2.9036e+07 1.0796e+00
0.9067022  0.52200 2.9019e+07 1.0741e+00
0.9070143  0.52250 2.9001e+07 1.0687e+00
0.9073263  0.52300 2.8984e+07 1.0632e+00
0.9076383  0.52350 2.8966e+07 1.0578e+00
0.9079486  0.52400 2.8949e+07 1.0523e+00
0.9082538  0.52450 2.8932e+07 1.0471e+00
0.9085589  0.52500 2.8914e+07 1.0418e+00
0.9088640  0.52550 2.8897e+07 1.0366e+00
0.9091692  0.52600 2.8879e+07 1.0313e+00
0.9094743  0.52650 2.8862e+07 1.0261e+00
0.9097770  0.52700 2.8844e+07 1.0209e+00
0.9100762  0.52750 2.8827e+07 1.0158e+00
0.9103755  0.52800 2.8810e+07 1.0108e+00
0.9106747  0.52850 2.8792e+07 1.0057e+00
0.9109739  0.52900 2.8775e+07 1.0006e+00
0.9112731  0.52950 2.8758e+07 9.9555e-01
0.9115724  0.53000 2.8740e+07 9.9047e-01
0.9118656  0.53050 2.8723e+07 9.8558e-01
0.9121574  0.53100 2.8706e+07 9.8072e-01
0.9124491  0.53150 2.8688e+07 9.7587e-01
0.9127409  0.53200 2.8671e+07 9.7101e-01
0.9130327  0.53250 2.8654e+07 9.6616e-01
0.9133245  0.53300 2.8637e+07 9.6130e-01
0.9136163  0.53350 2.8619e+07 9.5645e-01
0.9139081  0.53400 2.8602e+07 9.5159e-01
0.9141999  0.53450 2.8585e+07 9.4674e-01
0.9144888  0.53500 2.8568e+07 9.4197e-01
0.9147719  0.53550 2.8550e+07 9.3736e-01
0.9150550  0.53600 2.8533e+07 9.3275e-01
0.9153381  0.53650 2.8516e+07 9.2814e-01
0.9156212  0.53700 2.8499e+07 9.2354e-01
0.9159043  0.53750 2.8482e+07 9.1893e-01
0.9161874  0.53800 2.8465e+07 9.1432e-01
0.9164705  0.53850 2.8447e+07 9.0972e-01
0.9167537  0.53900 2.8430e+07 9.0511e-01
0.9170368  0.53950 2.8413e+07 9.0050e-01
0.9173160  0.54000 2.8396e+07 8.9600e-01
0.9175922  0.54050 2.8379e+07 8.9159e-01
0.9178684  0.54100 2.8362e+07 8.8717e-01
0.9181447  0.54150 2.8345e+07 8.8275e-01
0.9184209  0.54200 2.8328e+07 8.7833e-01
0.9186972  0.54250 2.8310e+07 8.7392e-01
0.9189690  0.54300 2.8293e+07 8.6962e-01
0.9192399  0.54350 2.8276e+07 8.6535e-01
0.9195109  0.54400 2.8259e+07 8.6108e-01
0.9197819  0.54450 2.8242e+07 8.5680e-01
0.9200529  0.54500 2.8225e+07 8.5253e-01
0.9203239  0.54550 2.8208e+07 8.4826e-01
0.9205929  0.54600 2.8191e+07 8.4404e-01
0.9208571  0.54650 2.8174e+07 8.3995e-01
0.9211213  0.54700 2.8157e+07 8.3586e-01
0.9213855  0.54750 2.8140e+07 8.3177e-01
0.9216497  0.54800 2.8123e+07 8.2768e-01
0.9219139  0.54850 2.8106e+07 8.2360e-01
0.9221781  0.54900 2.8089e+07 8.1951e-01
0.9224423  0.54950 2.8072e+07 8.1542e-01
0.9227065  0.55000 2.8055e+07 8.1133e-01
0.9229708  0.55050 2.8038e+07 8.0724e-01
0.9232308  0.55100 2.8021e+07 8.0326e-01
0.9234878  0.55150 2.8005e+07 7.9936e-01
0.9237447  0.55200 2.7988e+07 7.9547e-01
0.9240017  0.55250 2.7971e+07 7.9157e-01
0.9242586  0.55300 2.7954e+07 7.8767e-01
0.9245155  0.55350 2.7937e+07 7.8377e-01
0.9247725  0.55400 2.7920e+07 7.7988e-01
0.9250294  0.55450 2.7903e+07 7.7598e-01
0.9252829  0.55500 2.7886e+07 7.7217e-01
0.9255333  0.55550 2.7869e+07 7.6844e-01
0.9257837  0.55600 2.7853e+07 7.6471e-01
0.9260341  0.55650 2.7836e+07 7.6098e-01
0.9262845  0.55700 2.7819e+07 7.5726e-01
0.9265349  0.55750 2.7802e+07 7.5353e-01
0.9267853  0.55800 2.7785e+07 7.4980e-01
0.9270357  0.55850 2.7768e+07 7.4607e-01
0.9272858  0.55900 2.7751e+07 7.4235e-01
0.9275295  0.55950 2.7735e+07 7.3879e-01
0.9277733  0.56000 2.7718e+07 7.3523e-01
0.9280171  0.56050 2.7701e+07 7.3167e-01
0.9282609  0.56100 2.7684e+07 7.2811e-01
0.9285047  0.56150 2.7668e+07 7.2455e-01
0.9287484  0.56200 2.7651e+07 7.2099e-01
0.9289922  0.56250 2.7634e+07 7.1743e-01
0.9292360  0.56300 2.7617e+07 7.1386e-01
0.9294775  0.56350 2.7600e+07 7.1036e-01
0.9297147  0.56400 2.7584e+07 7.0696e-01
0.9299519  0.56450 2.7567e+07 7.0357e-01
0.9301891  0.56500 2.7550e+07 7.0017e-01
0.9304262  0.56550 2.7533e+07 6.9677e-01
0.9306634  0.56600 2.7517e+07 6.9337e-01
0.9309006  0.56650 2.7500e+07 6.8998e-01
0.9311377  0.56700 2.7483e+07 6.8658e-01
0.9313749  0.56750 2.7467e+07 6.8318e-01
0.9316101  0.56800 2.7450e+07 6.7984e-01
0.9318420  0.56850 2.7433e+07 6.7656e-01
0.9320740  0.56900 2.7416e+07 6.7329e-01
0.9323059  0.56950 2.7400e+07 6.7002e-01
0.9325379  0.57000 2.7383e+07 6.6675e-01
0.9327691  0.57050 2.7366e+07 6.6350e-01
0.9329959  0.57100 2.7350e+07 6.6035e-01
0.9332227  0.57150 2.7333e+07 6.5720e-01
0.9334495  0.57200 2.7316e+07 6.5406e-01
0.9336763  0.57250 2.7300e+07 6.5091e-01
0.9339031  0.57300 2.7283e+07 6.4776e-01
0.9341299  0.57350 2.7266e+07 6.4462e-01
0.9343567  0.57400 2.7250e+07 6.4147e-01
0.9345835  0.57450 2.7233e+07 6.3832e-01
0.9348103  0.57500 2.7216e+07 6.3518e-01
0.9350319  0.57550 2.7200e+07 6.3215e-01
0.9352521  0.57600 2.7183e+07 6.2916e-01
0.9354724  0.57650 2.7166e+07 6.2616e-01
0.9356926  0.57700 2.7150e+07 6.2317e-01
0.9359128  0.57750 2.7133e+07 6.2018e-01
0.9361330  0.57800 2.7117e+07 6.1719e-01
0.9363533  0.57850 2.7100e+07 6.1419e-01
0.9365735  0.57900 2.7083e+07 6.1120e-01
0.9367937  0.57950 2.7067e+07 6.0821e-01
0.9370132  0.58000 2.7050e+07 6.0523e-01
0.9372282  0.58050 2.7033e+07 6.0236e-01
0.9374433  0.58100 2.7017e+07 5.9948e-01
0.9376583  0.58150 2.7000e+07 5.9661e-01
0.9378733  0.58200 2.6984e+07 5.9373e-01
0.9380884  0.58250 2.6967e+07 5.9086e-01
0.9383011  0.58300 2.6950e+07 5.8804e-01
0.9385114  0.58350 2.6934e+07 5.8527e-01
0.9387218  0.58400 2.6917e+07 5.8250e-01
0.9389322  0.58450 2.6901e+07 5.7973e-01
0.9391425  0.58500 2.6884e+07 5.7696e-01
0.9393529  0.58550 2.6867e+07 5.7419e-01
0.9395633  0.58600 2.6851e+07 5.7142e-01
0.9397736  0.58650 2.6834e+07 5.6866e-01
0.9399840  0.58700 2.6817e+07 5.6589e-01
0.9401904  0.58750 2.6801e+07 5.6320e-01
0.9403961  0.58800 2.6784e+07 5.6054e-01
0.9406018  0.58850 2.6768e+07 5.5787e-01
0.9408074  0.58900 2.6751e+07 5.5521e-01
0.9410131  0.58950 2.6735e+07 5.5254e-01
0.9412188  0.59000 2.6718e+07 5.4988e-01
0.9414205  0.59050 2.6701e+07 5.4730e-01
0.9416220  0.59100 2.6685e+07 5.4473e-01
0.9418234  0.59150 2.6668e+07 5.4215e-01
0.9420249  0.59200 2.6652e+07 5.3958e-01
0.9422264  0.59250 2.6635e+07 5.3701e-01
0.9424279  0.59300 2.6618e+07 5.3443e-01
0.9426293  0.59350 2.6602e+07 5.3186e-01
0.9428292  0.59400 2.6585e+07 5.2932e-01
0.9430267  0.59450 2.6569e+07 5.2684e-01
0.9432242  0.59500 2.6552e+07 5.2435e-01
0.9434216  0.59550 2.6535e+07 5.2186e-01
0.9436191  0.59600 2.6519e+07 5.1937e-01
0.9438166  0.59650 2.6502e+07 5.1688e-01
0.9440096  0.59700 2.6486e+07 5.1449e-01
0.9442024  0.59750 2.6469e+07 5.1211e-01
0.9443951  0.59800 2.6452e+07 5.0972e-01
0.9445879  0.59850 2.6436e+07 5.0733e-01
0.9447807  0.59900 2.6419e+07 5.0495e-01
0.9449735  0.59950 2.6403e+07 5.0256e-01
0.9451663  0.60000 2.6386e+07 5.0017e-01
0.9453591  0.60050 2.6369e+07 4.9778e-01
0.9455519  0.60100 2.6353e+07 4.9540e-01
0.9457447  0.60150 2.6336e+07 4.9301e-01
0.9459344  0.60200 2.6319e+07 4.9069e-01
0.9461220  0.60250 2.6303e+07 4.8841e-01
0.9463096  0.60300 2.6286e+07 4.8613e-01
0.9464972  0.60350 2.6270e+07 4.8385e-01
0.9466848  0.60400 2.6253e+07 4.8157e-01
0.9468724  0.60450 2.6236e+07 4.7929e-01
0.9470600  0.60500 2.6220e+07 4.7701e-01
0.9472469  0.60550 2.6203e+07 4.7474e-01
0.9474312  0.60600 2.6186e+07 4.7253e-01
0.9476155  0.60650 2.6170e+07 4.7032e-01
0.9477997  0.60700 2.6153e+07 4.6810e-01
0.9479840  0.60750 2.6137e+07 4.6589e-01
0.9481646  0.60800 2.6120e+07 4.6375e-01
0.9483453  0.60850 2.6103e+07 4.6161e-01
0.9485260  0.60900 2.6087e+07 4.5947e-01
0.9487066  0.60950 2.6070e+07 4.5734e-01
0.9488873  0.61000 2.6053e+07 4.5520e-01
0.9490679  0.61050 2.6037e+07 4.5306e-01
0.9492486  0.61100 2.6020e+07 4.5092e-01
0.9494293  0.61150 2.6003e+07 4.4878e-01
0.9496096  0.61200 2.5987e+07 4.4665e-01
0.9497859  0.61250 2.5970e+07 4.4460e-01
0.9499623  0.61300 2.5953e+07 4.4254e-01
0.9501386  0.61350 2.5936e+07 4.4049e-01
0.9503149  0.61400 2.5920e+07 4.3844e-01
0.9504912  0.61450 2.5903e+07 4.3638e-01
0.9506675  0.61500 2.5886e+07 4.3433e-01
0.9508436  0.61550 2.5870e+07 4.3228e-01
0.9510167  0.61600 2.5853e+07 4.3029e-01
0.9511899  0.61650 2.5836e+07 4.2830e-01
0.9513630  0.61700 2.5819e+07 4.2631e-01
0.9515362  0.61750 2.5803e+07 4.2432e-01
0.9517088  0.61800 2.5786e+07 4.2234e-01
0.9518792  0.61850 2.5769e+07 4.2040e-01
0.9520495  0.61900 2.5752e+07 4.1846e-01
0.9522199  0.61950 2.5736e+07 4.1653e-01
0.9523902  0.62000 2.5719e+07 4.1459e-01
0.9525606  0.62050 2.5702e+07 4.1265e-01
0.9527298  0.62100 2.5685e+07 4.1074e-01
0.9528965  0.62150 2.5668e+07 4.0887e-01
0.9530633  0.62200 2.5652e+07 4.0700e-01
0.9532300  0.62250 2.5635e+07 4.0513e-01
0.9533968  0.62300 2.5618e+07 4.0327e-01
0.9535636  0.62350 2.5601e+07 4.0140e-01
0.9537303  0.62400 2.5584e+07 3.9953e-01
0.9538971  0.62450 2.5567e+07 3.9766e-01
0.9540638  0.62500 2.5551e+07 3.9580e-01
0.9542264  0.62550 2.5534e+07 3.9401e-01
0.9543891  0.62600 2.5517e+07 3.9221e-01
0.9545518  0.62650 2.5500e+07 3.9042e-01
0.9547145  0.62700 2.5483e+07 3.8863e-01
0.9548772  0.62750 2.5466e+07 3.8684e-01
0.9550399  0.62800 2.5449e+07 3.8505e-01
0.9552026  0.62850 2.5432e+07 3.8326e-01
0.9553653  0.62900 2.5415e+07 3.8147e-01
0.9555246  0.62950 2.5398e+07 3.7974e-01
0.9556838  0.63000 2.5381e+07 3.7801e-01
0.9558430  0.63050 2.5364e+07 3.7628e-01
0.9560022  0.63100 2.5347e+07 3.7455e-01
0.9561614  0.63150 2.5330e+07 3.7283e-01
0.9563206  0.63200 2.5313e+07 3.7110e-01
0.9564780  0.63250 2.5296e+07 3.6940e-01
0.9566347  0.63300 2.5279e+07 3.6772e-01
0.9567913  0.63350 2.5262e+07 3.6604e-01
0.9569480  0.63400 2.5245e+07 3.6436e-01
0.9571040  0.63450 2.5228e+07 3.6269e-01
0.9572585  0.63500 2.5211e+07 3.6105e-01
0.9574130  0.63550 2.5194e+07 3.5941e-01
0.9575674  0.63600 2.5177e+07 3.5776e-01
0.9577219  0.63650 2.5160e+07 3.5612e-01
0.9578755  0.63700 2.5143e+07 3.5450e-01
0.9580272  0.63750 2.5125e+07 3.5290e-01
0.9581789  0.63800 2.5108e+07 3.5131e-01
0.9583306  0.63850 2.5091e+07 3.4972e-01
0.9584824  0.63900 2.5074e+07 3.4813e-01
0.9586341  0.63950 2.5057e+07 3.4653e-01
0.9587858  0.64000 2.5040e+07 3.4494e-01
0.9589370  0.64050 2.5022e+07 3.4336e-01
0.9590860  0.64100 2.5005e+07 3.4181e-01
0.9592351  0.64150 2.4988e+07 3.4027e-01
0.9593841  0.64200 2.4971e+07 3.3872e-01
0.9595332  0.64250 2.4953e+07 3.3718e-01
0.9596809  0.64300 2.4936e+07 3.3565e-01
0.9598275  0.64350 2.4919e+07 3.3415e-01
0.9599742  0.64400 2.4902e+07 3.3264e-01
0.9601208  0.64450 2.4884e+07 3.3114e-01
0.9602675  0.64500 2.4867e+07 3.2964e-01
0.9604141  0.64550 2.4850e+07 3.2813e-01
0.9605603  0.64600 2.4832e+07 3.2664e-01
0.9607050  0.64650 2.4815e+07 3.2517e-01
0.9608496  0.64700 2.4797e+07 3.2370e-01
0.9609934  0.64750 2.4780e+07 3.2224e-01
0.9611365  0.64800 2.4763e+07 3.2080e-01
0.9612796  0.64850 2.4745e+07 3.1935e-01
0.9614226  0.64900 2.4728e+07 3.1791e-01
0.9615657  0.64950 2.4710e+07 3.1647e-01
0.9617073  0.65000 2.4693e+07 3.1505e-01
0.9618483  0.65050 2.4675e+07 3.1364e-01
0.9619893  0.65100 2.4658e+07 3.1223e-01
0.9621304  0.65150 2.4640e+07 3.1082e-01
0.9622714  0.65200 2.4623e+07 3.0941e-01
0.9624107  0.65250 2.4605e+07 3.0803e-01
0.9625496  0.65300 2.4587e+07 3.0666e-01
0.9626886  0.65350 2.4570e+07 3.0528e-01
0.9628276  0.65400 2.4552e+07 3.0391e-01
0.9629665  0.65450 2.4535e+07 3.0253e-01
0.9631042  0.65500 2.4517e+07 3.0118e-01
0.9632415  0.65550 2.4499e+07 2.9983e-01
0.9633789  0.65600 2.4482e+07 2.9848e-01
0.9635151  0.65650 2.4464e+07 2.9715e-01
0.9636513  0.65700 2.4446e+07 2.9583e-01
0.9637874  0.65750 2.4429e+07 2.9450e-01
0.9639225  0.65800 2.4411e+07 2.9318e-01
0.9640577  0.65850 2.4393e+07 2.9187e-01
0.9641920  0.65900 2.4375e+07 2.9057e-01
0.9643261  0.65950 2.4358e+07 2.8928e-01
0.9644602  0.66000 2.4340e+07 2.8798e-01
0.9645934  0.66050 2.4322e+07 2.8670e-01
0.9647265  0.66100 2.4304e+07 2.8542e-01
0.9648590  0.66150 2.4286e+07 2.8415e-01
0.9649910  0.66200 2.4268e+07 2.8289e-01
0.9651231  0.66250 2.4250e+07 2.8163e-01
0.9652545  0.66300 2.4233e+07 2.8037e-01
0.9653855  0.66350 2.4215e+07 2.7913e-01
0.9655163  0.66400 2.4197e+07 2.7788e-01
0.9656463  0.66450 2.4179e+07 2.7665e-01
0.9657762  0.66500 2.4161e+07 2.7542e-01
0.9659060  0.66550 2.4143e+07 2.7419e-01
0.9660351  0.66600 2.4125e+07 2.7298e-01
0.9661638  0.66650 2.4107e+07 2.7177e-01
0.9662919  0.66700 2.4089e+07 2.7057e-01
0.9664200  0.66750 2.4071e+07 2.6937e-01
0.9665478  0.66800 2.4052e+07 2.6817e-01
0.9666750  0.66850 2.4034e+07 2.6698e-01
0.9668019  0.66900 2.4016e+07 2.6580e-01
0.9669284  0.66950 2.3998e+07 2.6462e-01
0.9670545  0.67000 2.3980e+07 2.6345e-01
0.9671804  0.67050 2.3962e+07 2.6229e-01
0.9673056  0.67100 2.3944e+07 2.6113e-01
0.9674307  0.67150 2.3925e+07 2.5998e-01
0.9675552  0.67200 2.3907e+07 2.5883e-01
0.9676797  0.67250 2.3889e+07 2.5768e-01
0.9678034  0.67300 2.3871e+07 2.5655e-01
0.9679271  0.67350 2.3852e+07 2.5542e-01
0.9680502  0.67400 2.3834e+07 2.5429e-01
0.9681731  0.67450 2.3816e+07 2.5317e-01
0.9682954  0.67500 2.3797e+07 2.5206e-01
0.9684176  0.67550 2.3779e+07 2.5095e-01
0.9685394  0.67600 2.3761e+07 2.4984e-01
0.9686608  0.67650 2.3742e+07 2.4874e-01
0.9687818  0.67700 2.3724e+07 2.4765e-01
0.9689025  0.67750 2.3705e+07 2.4656e-01
0.9690228  0.67800 2.3687e+07 2.4547e-01
0.9691428  0.67850 2.3668e+07 2.4440e-01
0.9692625  0.67900 2.3650e+07 2.4332e-01
0.9693816  0.67950 2.3631e+07 2.4225e-01
0.9695008  0.68000 2.3613e+07 2.4119e-01
0.9696194  0.68050 2.3594e+07 2.4013e-01
0.9697376  0.68100 2.3576e+07 2.3908e-01
0.9698554  0.68150 2.3557e+07 2.3803e-01
0.9699730  0.68200 2.3538e+07 2.3699e-01
0.9700902  0.68250 2.3520e+07 2.3595e-01
0.9702070  0.68300 2.3501e+07 2.3492e-01
0.9703236  0.68350 2.3482e+07 2.3389e-01
0.9704397  0.68400 2.3464e+07 2.3287e-01
0.9705557  0.68450 2.3445e+07 2.3185e-01
0.9706712  0.68500 2.3426e+07 2.3083e-01
0.9707862  0.68550 2.3407e+07 2.2983e-01
0.9709012  0.68600 2.3388e+07 2.2882e-01
0.9710157  0.68650 2.3370e+07 2.2782e-01
0.9711298  0.68700 2.3351e+07 2.2683e-01
0.9712437  0.68750 2.3332e+07 2.2584e-01
0.9713572  0.68800 2.3313e+07 2.2485e-01
0.9714703  0.68850 2.3294e+07 2.2388e-01
0.9715832  0.68900 2.3275e+07 2.2290e-01
0.9716957  0.68950 2.3256e+07 2.2193e-01
0.9718079  0.69000 2.3237e+07 2.2097e-01
0.9719197  0.69050 2.3217e+07 2.2001e-01
0.9720313  0.69100 2.3198e+07 2.1905e-01
0.9721425  0.69150 2.3179e+07 2.1810e-01
0.9722534  0.69200 2.3160e+07 2.1715e-01
0.9723640  0.69250 2.3141e+07 2.1621e-01
0.9724742  0.69300 2.3121e+07 2.1528e-01
0.9725842  0.69350 2.3102e+07 2.1435e-01
0.9726938  0.69400 2.3083e+07 2.1342e-01
0.9728031  0.69450 2.3063e+07 2.1250e-01
0.9729121  0.69500 2.3044e+07 2.1158e-01
0.9730207  0.69550 2.3024e+07 2.1067e-01
0.9731291  0.69600 2.3004e+07 2.0976e-01
0.9732371  0.69650 2.2985e+07 2.0885e-01
0.9733449  0.69700 2.2965e+07 2.0796e-01
0.9734523  0.69750 2.2945e+07 2.0706e-01
0.9735594  0.69800 2.2926e+07 2.0617e-01
0.9736662  0.69850 2.2906e+07 2.0529e-01
0.9737727  0.69900 2.2886e+07 2.0441e-01
0.9738789  0.69950 2.2866e+07 2.0353e-01
0.9739848  0.70000 2.2846e+07 2.0266e-01
0.9740904  0.70050 2.2826e+07 2.0179e-01
0.9741957  0.70100 2.2805e+07 2.0093e-01
0.9743007  0.70150 2.2785e+07 2.0007e-01
0.9744054  0.70200 2.2765e+07 1.9922e-01
0.9745098  0.70250 2.2745e+07 1.9837e-01
0.9746138  0.70300 2.2724e+07 1.9753e-01
0.9747177  0.70350 2.2704e+07 1.9669e-01
0.9748212  0.70400 2.2683e+07 1.9585e-01
0.9749244  0.70450 2.2662e+07 1.9502e-01
0.9750273  0.70500 2.2642e+07 1.9420e-01
0.9751299  0.70550 2.2621e+07 1.9337e-01
0.9752323  0.70600 2.2600e+07 1.9256e-01
0.9753343  0.70650 2.2579e+07 1.9175e-01
0.9754361  0.70700 2.2558e+07 1.9094e-01
0.9755376  0.70750 2.2537e+07 1.9013e-01
0.9756388  0.70800 2.2516e+07 1.8934e-01
0.9757397  0.70850 2.2495e+07 1.8854e-01
0.9758404  0.70900 2.2473e+07 1.8775e-01
0.9759407  0.70950 2.2452e+07 1.8697e-01
0.9760408  0.71000 2.2430e+07 1.8619e-01
0.9761406  0.71050 2.2409e+07 1.8541e-01
0.9762401  0.71100 2.2387e+07 1.8464e-01
0.9763394  0.71150 2.2365e+07 1.8387e-01
0.9764384  0.71200 2.2343e+07 1.8311e-01
0.9765371  0.71250 2.2321e+07 1.8235e-01
0.9766355  0.71300 2.2299e+07 1.8160e-01
0.9767337  0.71350 2.2276e+07 1.8085e-01
0.9768316  0.71400 2.2254e+07 1.8010e-01
0.9769292  0.71450 2.2231e+07 1.7936e-01
0.9770266  0.71500 2.2209e+07 1.7863e-01
0.9771237  0.71550 2.2186e+07 1.7790e-01
0.9772206  0.71600 2.2163e+07 1.7717e-01
0.9773172  0.71650 2.2140e+07 1.7645e-01
0.9774135  0.71700 2.2117e+07 1.7573e-01
0.9775096  0.71750 2.2094e+07 1.7502e-01
0.9776054  0.71800 2.2070e+07 1.7431e-01
0.9777009  0.71850 2.2047e+07 1.7360e-01
0.9777962  0.71900 2.2023e+07 1.7290e-01
0.9778913  0.71950 2.1999e+07 1.7221e-01
0.9779861  0.72000 2.1975e+07 1.7152e-01
0.9780807  0.72050 2.1951e+07 1.7084e-01
0.9781750  0.72100 2.1927e+07 1.7016e-01
0.9782690  0.72150 2.1902e+07 1.6948e-01
0.9783629  0.72200 2.1878e+07 1.6881e-01
0.9784564  0.72250 2.1853e+07 1.6814e-01
0.9785498  0.72300 2.1826e+07 1.6751e-01
0.9786429  0.72350 2.1799e+07 1.6688e-01
0.9787358  0.72400 2.1772e+07 1.6626e-01
0.9788285  0.72450 2.1744e+07 1.6563e-01
0.9789210  0.72500 2.1717e+07 1.6501e-01
0.9790132  0.72550 2.1690e+07 1.6439e-01
0.9791053  0.72600 2.1663e+07 1.6377e-01
0.9791971  0.72650 2.1636e+07 1.6315e-01
0.9792887  0.72700 2.1609e+07 1.6254e-01
0.9793800  0.72750 2.1581e+07 1.6192e-01
0.9794712  0.72800 2.1554e+07 1.6131e-01
0.9795621  0.72850 2.1527e+07 1.6070e-01
0.9796528  0.72900 2.1500e+07 1.6009e-01
0.9797433  0.72950 2.1473e+07 1.5948e-01
0.9798336  0.73000 2.1446e+07 1.5888e-01
0.9799236  0.73050 2.1418e+07 1.5827e-01
0.9800134  0.73100 2.1391e+07 1.5767e-01
0.9801030  0.73150 2.1364e+07 1.5707e-01
0.9801924  0.73200 2.1337e+07 1.5647e-01
0.9802816  0.73250 2.1310e+07 1.5587e-01
0.9803705  0.73300 2.1283e+07 1.5527e-01
0.9804592  0.73350 2.1255e+07 1.5467e-01
0.9805477  0.73400 2.1228e+07 1.5408e-01
0.9806360  0.73450 2.1201e+07 1.5349e-01
0.9807241  0.73500 2.1174e+07 1.5290e-01
0.9808119  0.73550 2.1147e+07 1.5231e-01
0.9808995  0.73600 2.1120e+07 1.5172e-01
0.9809869  0.73650 2.1093e+07 1.5113e-01
0.9810741  0.73700 2.1065e+07 1.5055e-01
0.9811611  0.73750 2.1038e+07 1.4996e-01
0.9812478  0.73800 2.1011e+07 1.4938e-01
0.9813344  0.73850 2.0984e+07 1.4880e-01
0.9814206  0.73900 2.0957e+07 1.4822e-01
0.9815068  0.73950 2.0930e+07 1.4764e-01
0.9815926  0.74000 2.0902e+07 1.4707e-01
0.9816783  0.74050 2.0875e+07 1.4649e-01
0.9817636  0.74100 2.0848e+07 1.4592e-01
0.9818489  0.74150 2.0821e+07 1.4535e-01
0.9819338  0.74200 2.0794e+07 1.4478e-01
0.9820187  0.74250 2.0767e+07 1.4421e-01
0.9821032  0.74300 2.0739e+07 1.4364e-01
0.9821875  0.74350 2.0712e+07 1.4307e-01
0.9822717  0.74400 2.0685e+07 1.4251e-01
0.9823556  0.74450 2.0658e+07 1.4195e-01
0.9824392  0.74500 2.0631e+07 1.4139e-01
0.9825227  0.74550 2.0604e+07 1.4083e-01
0.9826057  0.74600 2.0576e+07 1.4027e-01
0.9826888  0.74650 2.0549e+07 1.3971e-01
0.9827717  0.74700 2.0522e+07 1.3915e-01
0.9828541  0.74750 2.0495e+07 1.3860e-01
0.9829365  0.74800 2.0468e+07 1.3805e-01
0.9830187  0.74850 2.0440e+07 1.3750e-01
0.9831005  0.74900 2.0413e+07 1.3695e-01
0.9831823  0.74950 2.0386e+07 1.3640e-01
0.9832638  0.75000 2.0359e+07 1.3585e-01
0.9833450  0.75050 2.0332e+07 1.3531e-01
0.9834261  0.75100 2.0304e+07 1.3476e-01
0.9835070  0.75150 2.0277e+07 1.3422e-01
0.9835874  0.75200 2.0250e+07 1.3368e-01
0.9836679  0.75250 2.0223e+07 1.3314e-01
0.9837481  0.75300 2.0196e+07 1.3260e-01
0.9838279  0.75350 2.0168e+07 1.3206e-01
0.9839077  0.75400 2.0141e+07 1.3153e-01
0.9839873  0.75450 2.0114e+07 1.3099e-01
0.9840665  0.75500 2.0087e+07 1.3046e-01
0.9841456  0.75550 2.0059e+07 1.2993e-01
0.9842246  0.75600 2.0032e+07 1.2940e-01
0.9843031  0.75650 2.0005e+07 1.2887e-01
0.9843815  0.75700 1.9978e+07 1.2834e-01
0.9844599  0.75750 1.9951e+07 1.2781e-01
0.9845377  0.75800 1.9923e+07 1.2729e-01
0.9846155  0.75850 1.9896e+07 1.2677e-01
0.9846932  0.75900 1.9869e+07 1.2624e-01
0.9847704  0.75950 1.9841e+07 1.2572e-01
0.9848474  0.76000 1.9814e+07 1.2520e-01
0.9849245  0.76050 1.9787e+07 1.2469e-01
0.9850011  0.76100 1.9760e+07 1.2417e-01
0.9850775  0.76150 1.9732e+07 1.2365e-01
0.9851539  0.76200 1.9705e+07 1.2314e-01
0.9852298  0.76250 1.9678e+07 1.2263e-01
0.9853056  0.76300 1.9651e+07 1.2212e-01
0.9853813  0.76350 1.9623e+07 1.2161e-01
0.9854567  0.76400 1.9596e+07 1.2110e-01
0.9855317  0.76450 1.9569e+07 1.2059e-01
0.9856067  0.76500 1.9541e+07 1.2009e-01
0.9856816  0.76550 1.9514e+07 1.1958e-01
0.9857559  0.76600 1.9487e+07 1.1908e-01
0.9858302  0.76650 1.9459e+07 1.1858e-01
0.9859045  0.76700 1.9432e+07 1.1808e-01
0.9859782  0.76750 1.9405e+07 1.1758e-01
0.9860519  0.76800 1.9378e+07 1.1708e-01
0.9861254  0.76850 1.9350e+07 1.1658e-01
0.9861985  0.76900 1.9323e+07 1.1609e-01
0.9862716  0.76950 1.9295e+07 1.1559e-01
0.9863443  0.77000 1.9268e+07 1.1510e-01
0.9864168  0.77050 1.9241e+07 1.1461e-01
0.9864893  0.77100 1.9213e+07 1.1412e-01
0.9865613  0.77150 1.9186e+07 1.1363e-01
0.9866332  0.77200 1.9159e+07 1.1314e-01
0.9867050  0.77250 1.9131e+07 1.1266e-01
0.9867764  0.77300 1.9104e+07 1.1217e-01
0.9868477  0.77350 1.9077e+07 1.1169e-01
0.9869187  0.77400 1.9049e+07 1.1121e-01
0.9869895  0.77450 1.9022e+07 1.1073e-01
0.9870603  0.77500 1.8994e+07 1.1025e-01
0.9871305  0.77550 1.8967e+07 1.0977e-01
0.9872008  0.77600 1.8939e+07 1.0929e-01
0.9872708  0.77650 1.8912e+07 1.0882e-01
0.9873404  0.77700 1.8885e+07 1.0834e-01
0.9874101  0.77750 1.8857e+07 1.0787e-01
0.9874794  0.77800 1.8830e+07 1.0740e-01
0.9875484  0.77850 1.8802e+07 1.0693e-01
0.9876175  0.77900 1.8775e+07 1.0646e-01
0.9876861  0.77950 1.8747e+07 1.0599e-01
0.9877545  0.78000 1.8720e+07 1.0552e-01
0.9878229  0.78050 1.8692e+07 1.0506e-01
0.9878908  0.78100 1.8665e+07 1.0459e-01
0.9879586  0.78150 1.8637e+07 1.0413e-01
0.9880264  0.78200 1.8610e+07 1.0367e-01
0.9880936  0.78250 1.8582e+07 1.0321e-01
0.9881608  0.78300 1.8555e+07 1.0275e-01
0.9882279  0.78350 1.8527e+07 1.0229e-01
0.9882945  0.78400 1.8500e+07 1.0183e-01
0.9883611  0.78450 1.8472e+07 1.0138e-01
0.9884275  0.78500 1.8445e+07 1.0092e-01
0.9884935  0.78550 1.8417e+07 1.0047e-01
0.9885595  0.78600 1.8389e+07 1.0002e-01
0.9886252  0.78650 1.8362e+07 9.9566e-02
0.9886906  0.78700 1.8334e+07 9.9117e-02
0.9887560  0.78750 1.8307e+07 9.8668e-02
0.9888210  0.78800 1.8279e+07 9.8221e-02
0.9888857  0.78850 1.8251e+07 9.7776e-02
0.9889505  0.78900 1.8224e+07 9.7331e-02
0.9890149  0.78950 1.8196e+07 9.6888e-02
0.9890790  0.79000 1.8169e+07 9.6446e-02
0.9891432  0.79050 1.8141e+07 9.6004e-02
0.9892068  0.79100 1.8113e+07 9.5565e-02
0.9892704  0.79150 1.8086e+07 9.5126e-02
0.9893338  0.79200 1.8058e+07 9.4688e-02
0.9893968  0.79250 1.8030e+07 9.4253e-02
0.9894598  0.79300 1.8003e+07 9.3818e-02
0.9895226  0.79350 1.7975e+07 9.3384e-02
0.9895850  0.79400 1.7947e+07 9.2952e-02
0.9896473  0.79450 1.7919e+07 9.2520e-02
0.9897094  0.79500 1.7892e+07 9.2090e-02
0.9897712  0.79550 1.7864e+07 9.1661e-02
0.9898330  0.79600 1.7836e+07 9.1233e-02
0.9898944  0.79650 1.7808e+07 9.0806e-02
0.9899555  0.79700 1.7781e+07 9.0381e-02
0.9900167  0.79750 1.7753e+07 8.9956e-02
0.9900775  0.79800 1.7725e+07 8.9533e-02
0.9901380  0.79850 1.7697e+07 8.9112e-02
0.9901985  0.79900 1.7669e+07 8.8691e-02
0.9902587  0.79950 1.7642e+07 8.8271e-02
0.9903186  0.80000 1.7614e+07 8.7853e-02
0.9903784  0.80050 1.7586e+07 8.7435e-02
0.9904380  0.80100 1.7558e+07 8.7019e-02
0.9904972  0.80150 1.7530e+07 8.6605e-02
0.9905564  0.80200 1.7502e+07 8.6190e-02
0.9906154  0.80250 1.7474e+07 8.5777e-02
0.9906740  0.80300 1.7447e+07 8.5367e-02
0.9907326  0.80350 1.7419e+07 8.4956e-02
0.9907910  0.80400 1.7391e+07 8.4546e-02
0.9908489  0.80450 1.7363e+07 8.4139e-02
0.9909068  0.80500 1.7335e+07 8.3732e-02
0.9909647  0.80550 1.7307e+07 8.3325e-02
0.9910220  0.80600 1.7279e+07 8.2922e-02
0.9910792  0.80650 1.7251e+07 8.2518e-02
0.9911364  0.80700 1.7223e+07 8.2115e-02
0.9911931  0.80750 1.7195e+07 8.1715e-02
0.9912497  0.80800 1.7167e+07 8.1315e-02
0.9913063  0.80850 1.7139e+07 8.0915e-02
0.9913625  0.80900 1.7111e+07 8.0518e-02
0.9914183  0.80950 1.7083e+07 8.0121e-02
0.9914742  0.81000 1.7055e+07 7.9725e-02
0.9915299  0.81050 1.7027e+07 7.9330e-02
0.9915851  0.81100 1.6999e+07 7.8938e-02
0.9916404  0.81150 1.6970e+07 7.8546e-02
0.9916956  0.81200 1.6942e+07 7.8153e-02
0.9917501  0.81250 1.6914e+07 7.7765e-02
0.9918046  0.81300 1.6886e+07 7.7376e-02
0.9918591  0.81350 1.6858e+07 7.6987e-02
0.9919132  0.81400 1.6830e+07 7.6601e-02
0.9919671  0.81450 1.6801e+07 7.6216e-02
0.9920209  0.81500 1.6773e+07 7.5831e-02
0.9920746  0.81550 1.6745e+07 7.5447e-02
0.9921277  0.81600 1.6717e+07 7.5066e-02
0.9921808  0.81650 1.6689e+07 7.4685e-02
0.9922339  0.81700 1.6660e+07 7.4304e-02
0.9922864  0.81750 1.6632e+07 7.3926e-02
0.9923386  0.81800 1.6604e+07 7.3550e-02
0.9923908  0.81850 1.6575e+07 7.3174e-02
0.9924431  0.81900 1.6547e+07 7.2797e-02
0.9924953  0.81950 1.6519e+07 7.2421e-02
0.9925469  0.82000 1.6490e+07 7.2048e-02
0.9925981  0.82050 1.6462e+07 7.1677e-02
0.9926493  0.82100 1.6434e+07 7.1306e-02
0.9927004  0.82150 1.6405e+07 7.0936e-02
0.9927516  0.82200 1.6377e+07 7.0565e-02
0.9928024  0.82250 1.6348e+07 7.0196e-02
0.9928525  0.82300 1.6320e+07 6.9831e-02
0.9929026  0.82350 1.6291e+07 6.9466e-02
0.9929527  0.82400 1.6263e+07 6.9101e-02
0.9930028  0.82450 1.6234e+07 6.8736e-02
0.9930529  0.82500 1.6206e+07 6.8371e-02
0.9931022  0.82550 1.6177e+07 6.8010e-02
0.9931514  0.82600 1.6149e+07 6.7649e-02
0.9932006  0.82650 1.6120e+07 6.7289e-02
0.9932493  0.82700 1.6092e+07 6.6931e-02
0.9932980  0.82750 1.6063e+07 6.6574e-02
0.9933465  0.82800 1.6034e+07 6.6217e-02
0.9933946  0.82850 1.6006e+07 6.5862e-02
0.9934428  0.82900 1.5977e+07 6.5507e-02
0.9934906  0.82950 1.5948e+07 6.5154e-02
0.9935381  0.83000 1.5920e+07 6.4803e-02
0.9935857  0.83050 1.5891e+07 6.4451e-02
0.9936329  0.83100 1.5862e+07 6.4101e-02
0.9936799  0.83150 1.5833e+07 6.3752e-02
0.9937269  0.83200 1.5805e+07 6.3403e-02
0.9937733  0.83250 1.5776e+07 6.3057e-02
0.9938198  0.83300 1.5747e+07 6.2711e-02
0.9938662  0.83350 1.5718e+07 6.2365e-02
0.9939120  0.83400 1.5689e+07 6.2022e-02
0.9939579  0.83450 1.5660e+07 6.1680e-02
0.9940037  0.83500 1.5631e+07 6.1337e-02
0.9940490  0.83550 1.5603e+07 6.0997e-02
0.9940942  0.83600 1.5574e+07 6.0657e-02
0.9941394  0.83650 1.5545e+07 6.0318e-02
0.9941841  0.83700 1.5516e+07 5.9981e-02
0.9942287  0.83750 1.5487e+07 5.9644e-02
0.9942734  0.83800 1.5458e+07 5.9308e-02
0.9943174  0.83850 1.5429e+07 5.8974e-02
0.9943615  0.83900 1.5400e+07 5.8640e-02
0.9944055  0.83950 1.5370e+07 5.8307e-02
0.9944489  0.84000 1.5341e+07 5.7977e-02
0.9944922  0.84050 1.5312e+07 5.7647e-02
0.9945355  0.84100 1.5283e+07 5.7317e-02
0.9945788  0.84150 1.5254e+07 5.6987e-02
0.9946217  0.84200 1.5225e+07 5.6660e-02
0.9946641  0.84250 1.5195e+07 5.6335e-02
0.9947066  0.84300 1.5166e+07 5.6009e-02
0.9947490  0.84350 1.5137e+07 5.5684e-02
0.9947913  0.84400 1.5108e+07 5.5359e-02
0.9948329  0.84450 1.5078e+07 5.5038e-02
0.9948745  0.84500 1.5049e+07 5.4718e-02
0.9949161  0.84550 1.5020e+07 5.4397e-02
0.9949577  0.84600 1.4990e+07 5.4076e-02
0.9949987  0.84650 1.4961e+07 5.3758e-02
0.9950394  0.84700 1.4931e+07 5.3441e-02
0.9950801  0.84750 1.4902e+07 5.3125e-02
0.9951208  0.84800 1.4872e+07 5.2809e-02
0.9951614  0.84850 1.4843e+07 5.2493e-02
0.9952012  0.84900 1.4813e+07 5.2181e-02
0.9952410  0.84950 1.4784e+07 5.1869e-02
0.9952808  0.85000 1.4754e+07 5.1557e-02
0.9953206  0.85050 1.4724e+07 5.1245e-02
0.9953601  0.85100 1.4695e+07 5.0935e-02
0.9953990  0.85150 1.4665e+07 5.0628e-02
0.9954379  0.85200 1.4635e+07 5.0321e-02
0.9954768  0.85250 1.4606e+07 5.0014e-02
0.9955157  0.85300 1.4576e+07 4.9707e-02
0.9955541  0.85350 1.4546e+07 4.9402e-02
0.9955920  0.85400 1.4516e+07 4.9100e-02
0.9956300  0.85450 1.4486e+07 4.8797e-02
0.9956679  0.85500 1.4456e+07 4.8495e-02
0.9957059  0.85550 1.4427e+07 4.8193e-02
0.9957434  0.85600 1.4397e+07 4.7892e-02
0.9957806  0.85650 1.4367e+07 4.7594e-02
0.9958179  0.85700 1.4337e+07 4.7295e-02
0.9958546  0.85750 1.4307e+07 4.6999e-02
0.9958914  0.85800 1.4277e+07 4.6702e-02
0.9959278  0.85850 1.4247e+07 4.6408e-02
0.9959639  0.85900 1.4216e+07 4.6115e-02
0.9960000  0.85950 1.4186e+07 4.5822e-02
0.9960361  0.86000 1.4156e+07 4.5529e-02
0.9960721  0.86050 1.4126e+07 4.5236e-02
0.9961074  0.86100 1.4096e+07 4.4947e-02
0.9961427  0.86150 1.4065e+07 4.4659e-02
0.9961779  0.86200 1.4035e+07 4.4370e-02
0.9962132  0.86250 1.4005e+07 4.4081e-02
0.9962479  0.86300 1.3974e+07 4.3795e-02
0.9962824  0.86350 1.3944e+07 4.3510e-02
0.9963168  0.86400 1.3914e+07 4.3226e-02
0.9963512  0.86450 1.3883e+07 4.2942e-02
0.9963856  0.86500 1.3853e+07 4.2657e-02
0.9964192  0.86550 1.3822e+07 4.2377e-02
0.9964527  0.86600 1.3792e+07 4.2097e-02
0.9964863  0.86650 1.3761e+07 4.1817e-02
0.9965198  0.86700 1.3731e+07 4.1537e-02
0.9965532  0.86750 1.3700e+07 4.1258e-02
0.9965861  0.86800 1.3669e+07 4.0981e-02
0.9966190  0.86850 1.3639e+07 4.0704e-02
0.9966515  0.86900 1.3608e+07 4.0430e-02
0.9966839  0.86950 1.3577e+07 4.0155e-02
0.9967162  0.87000 1.3546e+07 3.9882e-02
0.9967482  0.87050 1.3515e+07 3.9610e-02
0.9967802  0.87100 1.3484e+07 3.9337e-02
0.9968117  0.87150 1.3453e+07 3.9067e-02
0.9968433  0.87200 1.3423e+07 3.8798e-02
0.9968746  0.87250 1.3391e+07 3.8529e-02
0.9969057  0.87300 1.3360e+07 3.8261e-02
0.9969368  0.87350 1.3329e+07 3.7994e-02
0.9969674  0.87400 1.3298e+07 3.7728e-02
0.9969981  0.87450 1.3267e+07 3.7463e-02
0.9970285  0.87500 1.3236e+07 3.7199e-02
0.9970587  0.87550 1.3205e+07 3.6936e-02
0.9970888  0.87600 1.3173e+07 3.6673e-02
0.9971186  0.87650 1.3142e+07 3.6412e-02
0.9971483  0.87700 1.3111e+07 3.6152e-02
0.9971780  0.87750 1.3079e+07 3.5891e-02
0.9972072  0.87800 1.3048e+07 3.5633e-02
0.9972364  0.87850 1.3016e+07 3.5376e-02
0.9972654  0.87900 1.2985e+07 3.5118e-02
0.9972941  0.87950 1.2953e+07 3.4863e-02
0.9973228  0.88000 1.2921e+07 3.4608e-02
0.9973512  0.88050 1.2890e+07 3.4354e-02
0.9973794  0.88100 1.2858e+07 3.4101e-02
0.9974076  0.88150 1.2826e+07 3.3848e-02
0.9974355  0.88200 1.2795e+07 3.3597e-02
0.9974632  0.88250 1.2763e+07 3.3347e-02
0.9974909  0.88300 1.2731e+07 3.3096e-02
0.9975182  0.88350 1.2699e+07 3.2848e-02
0.9975454  0.88400 1.2667e+07 3.2601e-02
0.9975726  0.88450 1.2635e+07 3.2353e-02
0.9975993  0.88500 1.2603e+07 3.2108e-02
0.9976260  0.88550 1.2571e+07 3.1863e-02
0.9976526  0.88600 1.2538e+07 3.1618e-02
0.9976788  0.88650 1.2506e+07 3.1375e-02
0.9977050  0.88700 1.2474e+07 3.1133e-02
0.9977311  0.88750 1.2442e+07 3.0891e-02
0.9977569  0.88800 1.2409e+07 3.0650e-02
0.9977826  0.88850 1.2377e+07 3.0410e-02
0.9978080  0.88900 1.2344e+07 3.0172e-02
0.9978333  0.88950 1.2312e+07 2.9934e-02
0.9978585  0.89000 1.2279e+07 2.9697e-02
0.9978833  0.89050 1.2247e+07 2.9461e-02
0.9979082  0.89100 1.2214e+07 2.9226e-02
0.9979329  0.89150 1.2181e+07 2.8991e-02
0.9979572  0.89200 1.2148e+07 2.8758e-02
0.9979815  0.89250 1.2116e+07 2.8525e-02
0.9980057  0.89300 1.2083e+07 2.8293e-02
0.9980295  0.89350 1.2050e+07 2.8063e-02
0.9980533  0.89400 1.2017e+07 2.7833e-02
0.9980771  0.89450 1.1984e+07 2.7603e-02
0.9981003  0.89500 1.1951e+07 2.7376e-02
0.9981236  0.89550 1.1917e+07 2.7148e-02
0.9981469  0.89600 1.1884e+07 2.6921e-02
0.9981696  0.89650 1.1851e+07 2.6696e-02
0.9981924  0.89700 1.1817e+07 2.6472e-02
0.9982151  0.89750 1.1784e+07 2.6247e-02
0.9982375  0.89800 1.1751e+07 2.6025e-02
0.9982597  0.89850 1.1717e+07 2.5803e-02
0.9982818  0.89900 1.1683e+07 2.5582e-02
0.9983038  0.89950 1.1650e+07 2.5361e-02
0.9983255  0.90000 1.1616e+07 2.5142e-02
0.9983471  0.90050 1.1582e+07 2.4924e-02
0.9983687  0.90100 1.1549e+07 2.4705e-02
0.9983898  0.90150 1.1515e+07 2.4489e-02
0.9984109  0.90200 1.1481e+07 2.4274e-02
0.9984319  0.90250 1.1447e+07 2.4058e-02
0.9984528  0.90300 1.1413e+07 2.3843e-02
0.9984733  0.90350 1.1378e+07 2.3630e-02
0.9984939  0.90400 1.1344e+07 2.3417e-02
0.9985141  0.90450 1.1310e+07 2.3206e-02
0.9985343  0.90500 1.1276e+07 2.2996e-02
0.9985543  0.90550 1.1241e+07 2.2785e-02
0.9985740  0.90600 1.1207e+07 2.2577e-02
0.9985937  0.90650 1.1172e+07 2.2368e-02
0.9986132  0.90700 1.1138e+07 2.2161e-02
0.9986325  0.90750 1.1103e+07 2.1955e-02
0.9986518  0.90800 1.1068e+07 2.1749e-02
0.9986707  0.90850 1.1033e+07 2.1545e-02
0.9986896  0.90900 1.0998e+07 2.1341e-02
0.9987083  0.90950 1.0964e+07 2.1138e-02
0.9987268  0.91000 1.0928e+07 2.0936e-02
0.9987452  0.91050 1.0893e+07 2.0735e-02
0.9987635  0.91100 1.0858e+07 2.0535e-02
0.9987814  0.91150 1.0823e+07 2.0336e-02
0.9987994  0.91200 1.0788e+07 2.0137e-02
0.9988172  0.91250 1.0752e+07 1.9939e-02
0.9988347  0.91300 1.0717e+07 1.9743e-02
0.9988522  0.91350 1.0681e+07 1.9546e-02
0.9988695  0.91400 1.0645e+07 1.9351e-02
0.9988866  0.91450 1.0609e+07 1.9157e-02
0.9989037  0.91500 1.0574e+07 1.8963e-02
0.9989204  0.91550 1.0538e+07 1.8771e-02
0.9989371  0.91600 1.0502e+07 1.8579e-02
0.9989537  0.91650 1.0466e+07 1.8388e-02
0.9989700  0.91700 1.0429e+07 1.8199e-02
0.9989863  0.91750 1.0393e+07 1.8009e-02
0.9990023  0.91800 1.0357e+07 1.7821e-02
0.9990182  0.91850 1.0320e+07 1.7634e-02
0.9990341  0.91900 1.0284e+07 1.7447e-02
0.9990496  0.91950 1.0247e+07 1.7262e-02
0.9990650  0.92000 1.0210e+07 1.7077e-02
0.9990805  0.92050 1.0174e+07 1.6892e-02
0.9990955  0.92100 1.0137e+07 1.6710e-02
0.9991106  0.92150 1.0100e+07 1.6528e-02
0.9991255  0.92200 1.0063e+07 1.6346e-02
0.9991402  0.92250 1.0025e+07 1.6165e-02
0.9991548  0.92300 9.9879e+06 1.5986e-02
0.9991693  0.92350 9.9504e+06 1.5807e-02
0.9991835  0.92400 9.9128e+06 1.5629e-02
0.9991977  0.92450 9.8751e+06 1.5452e-02
0.9992117  0.92500 9.8373e+06 1.5276e-02
0.9992255  0.92550 9.7994e+06 1.5100e-02
0.9992392  0.92600 9.7614e+06 1.4926e-02
0.9992528  0.92650 9.7233e+06 1.4752e-02
0.9992662  0.92700 9.6851e+06 1.4580e-02
0.9992795  0.92750 9.6468e+06 1.4407e-02
0.9992925  0.92800 9.6083e+06 1.4237e-02
0.9993056  0.92850 9.5698e+06 1.4066e-02
0.9993184  0.92900 9.5311e+06 1.3897e-02
0.9993311  0.92950 9.4923e+06 1.3729e-02
0.9993436  0.93000 9.4534e+06 1.3561e-02
0.9993561  0.93050 9.4143e+06 1.3394e-02
0.9993684  0.93100 9.3752e+06 1.3228e-02
0.9993804  0.93150 9.3358e+06 1.3063e-02
0.9993925  0.93200 9.2964e+06 1.2899e-02
0.9994043  0.93250 9.2568e+06 1.2736e-02
0.9994161  0.93300 9.2171e+06 1.2573e-02
0.9994276  0.93350 9.1772e+06 1.2412e-02
0.9994391  0.93400 9.1373e+06 1.2251e-02
0.9994504  0.93450 9.0972e+06 1.2091e-02
0.9994616  0.93500 9.0570e+06 1.1932e-02
0.9994726  0.93550 9.0166e+06 1.1774e-02
0.9994836  0.93600 8.9761e+06 1.1616e-02
0.9994943  0.93650 8.9355e+06 1.1460e-02
0.9995050  0.93700 8.8947e+06 1.1305e-02
0.9995154  0.93750 8.8538e+06 1.1150e-02
0.9995258  0.93800 8.8127e+06 1.0996e-02
0.9995360  0.93850 8.7715e+06 1.0843e-02
0.9995462  0.93900 8.7302e+06 1.0691e-02
0.9995561  0.93950 8.6886e+06 1.0540e-02
0.9995660  0.94000 8.6469e+06 1.0390e-02
0.9995757  0.94050 8.6051e+06 1.0240e-02
0.9995853  0.94100 8.5630e+06 1.0092e-02
0.9995947  0.94150 8.5209e+06 9.9437e-03
0.9996040  0.94200 8.4785e+06 9.7971e-03
0.9996132  0.94250 8.4360e+06 9.6511e-03
0.9996223  0.94300 8.3933e+06 9.5060e-03
0.9996312  0.94350 8.3505e+06 9.3619e-03
0.9996401  0.94400 8.3075e+06 9.2183e-03
0.9996487  0.94450 8.2643e+06 9.0762e-03
0.9996573  0.94500 8.2210e+06 8.9345e-03
0.9996657  0.94550 8.1774e+06 8.7940e-03
0.9996740  0.94600 8.1337e+06 8.6542e-03
0.9996822  0.94650 8.0898e+06 8.5152e-03
0.9996903  0.94700 8.0456e+06 8.3772e-03
0.9996982  0.94750 8.0011e+06 8.2400e-03
0.9997061  0.94800 7.9565e+06 8.1037e-03
0.9997137  0.94850 7.9116e+06 7.9685e-03
0.9997213  0.94900 7.8665e+06 7.8341e-03
0.9997288  0.94950 7.8212e+06 7.7004e-03
0.9997361  0.95000 7.7757e+06 7.5678e-03
0.9997433  0.95050 7.7299e+06 7.4361e-03
0.9997504  0.95100 7.6840e+06 7.3051e-03
0.9997574  0.95150 7.6377e+06 7.1752e-03
0.9997642  0.95200 7.5913e+06 7.0463e-03
0.9997710  0.95250 7.5446e+06 6.9179e-03
0.9997776  0.95300 7.4977e+06 6.7907e-03
0.9997841  0.95350 7.4505e+06 6.6645e-03
0.9997905  0.95400 7.4030e+06 6.5390e-03
0.9997968  0.95450 7.3553e+06 6.4144e-03
0.9998029  0.95500 7.3073e+06 6.2909e-03
0.9998090  0.95550 7.2590e+06 6.1682e-03
0.9998150  0.95600 7.2105e+06 6.0463e-03
0.9998208  0.95650 7.1616e+06 5.9257e-03
0.9998265  0.95700 7.1125e+06 5.8055e-03
0.9998321  0.95750 7.0631e+06 5.6865e-03
0.9998376  0.95800 7.0134e+06 5.5684e-03
0.9998430  0.95850 6.9634e+06 5.4513e-03
0.9998483  0.95900 6.9130e+06 5.3351e-03
0.9998535  0.95950 6.8623e+06 5.2198e-03
0.9998585  0.96000 6.8112e+06 5.1055e-03
0.9998635  0.96050 6.7597e+06 4.9921e-03
0.9998683  0.96100 6.7078e+06 4.8797e-03
0.9998731  0.96150 6.6556e+06 4.7682e-03
0.9998777  0.96200 6.6030e+06 4.6576e-03
0.9998823  0.96250 6.5500e+06 4.5480e-03
0.9998867  0.96300 6.4965e+06 4.4396e-03
0.9998910  0.96350 6.4428e+06 4.3317e-03
0.9998953  0.96400 6.3886e+06 4.2251e-03
0.9998994  0.96450 6.3339e+06 4.1193e-03
0.9999034  0.96500 6.2789e+06 4.0146e-03
0.9999073  0.96550 6.2234e+06 3.9109e-03
0.9999112  0.96600 6.1674e+06 3.8081e-03
0.9999149  0.96650 6.1111e+06 3.7063e-03
0.9999186  0.96700 6.0543e+06 3.6054e-03
0.9999221  0.96750 5.9971e+06 3.5056e-03
0.9999255  0.96800 5.9394e+06 3.4069e-03
0.9999289  0.96850 5.8814e+06 3.3091e-03
0.9999322  0.96900 5.8228e+06 3.2124e-03
0.9999353  0.96950 5.7636e+06 3.1167e-03
0.9999384  0.97000 5.7041e+06 3.0220e-03
0.9999414  0.97050 5.6441e+06 2.9284e-03
0.9999443  0.97100 5.5837e+06 2.8359e-03
0.9999471  0.97150 5.5229e+06 2.7444e-03
0.9999498  0.97200 5.4615e+06 2.6541e-03
0.9999524  0.97250 5.3997e+06 2.5649e-03
0.9999550  0.97300 5.3374e+06 2.4767e-03
0.9999574  0.97350 5.2748e+06 2.3898e-03
0.9999598  0.97400 5.2117e+06 2.3040e-03
0.9999621  0.97450 5.1482e+06 2.2193e-03
0.9999643  0.97500 5.0846e+06 2.1358e-03
0.9999664  0.97550 5.0209e+06 2.0535e-03
0.9999684  0.97600 4.9572e+06 1.9726e-03
0.9999704  0.97650 4.8933e+06 1.8929e-03
0.9999723  0.97700 4.8290e+06 1.8145e-03
0.9999741  0.97750 4.7646e+06 1.7374e-03
0.9999758  0.97800 4.6999e+06 1.6618e-03
0.9999775  0.97850 4.6355e+06 1.5875e-03
0.9999790  0.97900 4.5716e+06 1.5146e-03
0.9999806  0.97950 4.5080e+06 1.4433e-03
0.9999820  0.98000 4.4439e+06 1.3735e-03
0.9999834  0.98050 4.3789e+06 1.3052e-03
0.9999847  0.98100 4.3138e+06 1.2385e-03
0.9999859  0.98150 4.2493e+06 1.1733e-03
0.9999871  0.98200 4.1848e+06 1.1098e-03
0.9999882  0.98250 4.1193e+06 1.0481e-03
0.9999892  0.98300 4.0515e+06 9.8783e-04
0.9999902  0.98350 3.9816e+06 9.2925e-04
0.9999911  0.98400 3.9102e+06 8.7226e-04
0.9999920  0.98450 3.8368e+06 8.1689e-04
0.9999928  0.98500 3.7603e+06 7.6308e-04
0.9999936  0.98550 3.6797e+06 7.1082e-04
0.9999943  0.98600 3.5956e+06 6.6001e-04
0.9999950  0.98650 3.5077e+06 6.1069e-04
0.9999956  0.98700 3.4156e+06 5.6277e-04
0.9999961  0.98750 3.3202e+06 5.1627e-04
0.9999966  0.98800 3.2226e+06 4.7123e-04
0.9999971  0.98850 3.1207e+06 4.2766e-04
0.9999975  0.98900 3.0160e+06 3.8557e-04
0.9999979  0.98950 2.9112e+06 3.4509e-04
0.9999983  0.99000 2.8056e+06 3.0633e-04
0.9999986  0.99050 2.6998e+06 2.6945e-04
0.9999988  0.99100 2.5962e+06 2.3458e-04
0.9999990  0.99150 2.4935e+06 2.0195e-04
0.9999992  0.99200 2.3933e+06 1.7167e-04
0.9999994  0.99250 2.2945e+06 1.4394e-04
0.9999995  0.99300 2.1977e+06 1.1883e-04
0.9999997  0.99350 2.1023e+06 9.6421e-05
0.9999997  0.99400 2.0063e+06 7.6711e-05
0.9999998  0.99450 1.9137e+06 5.9693e-05
0.9999999  0.99500 1.8189e+06 4.5286e-05
0.9999999  0.99550 1.7276e+06 3.3359e-05
0.9999999  0.99600 1.6371e+06 2.3769e-05
1.0000000  0.99650 1.5480e+06 1.6297e-05
1.0000000  0.99700 1.4608e+06 1.0688e-05
1.0000000  0.99750 1.3730e+06 6.6542e-06
1.0000000  0.99800 1.2844e+06 3.8951e-06
1.0000000  0.99850 1.1923e+06 2.1137e-06
1.0000000  0.99900 1.0903e+06 1.0426e-06
1.0000000  0.99950 9.6716e+05 4.5541e-07
1.0000000  1.00000 7.9763e+05 1.6986e-07
